114
B._acomydis_KS2_1                               0.0000000 0.0960299 0.0976881 0.1365851 0.1757414 0.1901147 0.1914462 0.1791409 0.1625727 0.1451873 0.1720609 0.1744403 0.1695370 0.1496032 0.1538244 0.2796245 0.2412888 0.2200110 0.2483827 0.2329190 0.2663121 0.2190317 0.2311230 0.2488308 0.2673454 0.1948667 0.1713441 0.1693198 0.1679004 0.1990915 0.2190555 0.2370958 0.2937159 0.2708994 0.2487431 0.3129060 0.2550862 0.2503217 0.2443549 0.2722674 0.3092429 0.3038960 0.3076744 0.2838733 0.2805497 0.2745613 0.2711716 0.2678658 0.2783782 0.2484242 0.2776254 0.2068334 0.3454901 0.3457970 0.3117077 0.3372114 0.3694592 0.3235179 0.3284357 0.3181052 0.3047345 0.3593565 0.2126904 0.2597801 0.2548415 0.2629043 0.4324191 0.4259262 0.4112671 0.3999928 0.3336144 0.3691540 0.3646522 0.3533752 0.3335277 0.3382043 0.3216108 0.3444591 0.3278295 0.3478595 0.3202477 0.3252112 0.3618058 0.3979836 0.4195453 0.3951610 0.4433286 0.2868115 0.2829370 0.3003936 0.2617022 0.2719837 0.2670299 0.3198434 0.2192141 0.2805388 0.2577276 0.2766268 0.4297332 0.3485468 0.4230894 0.4431152 0.4366955 0.3747867 0.6682630 0.3063717 0.3060239 0.6665847 0.6329944 0.4782084 0.2863175 0.9343237 0.9806659 2.8575150 
B._birtlesii_IBS325                             0.0960299 0.0000000 0.0934946 0.1207413 0.1408494 0.1902733 0.2361252 0.2079182 0.1385744 0.1467502 0.1326388 0.1330396 0.1371343 0.1315927 0.1592749 0.2165883 0.1875590 0.2046532 0.1951656 0.1809899 0.2241184 0.1959567 0.1953049 0.2085978 0.2422764 0.1807907 0.1699377 0.1440915 0.1473113 0.1630973 0.2159447 0.2090115 0.2470560 0.2444721 0.2364289 0.3027051 0.2656208 0.2609301 0.2251519 0.2455693 0.2721808 0.2737287 0.2740882 0.2861591 0.2802095 0.2484632 0.2547937 0.2596379 0.2543532 0.2202513 0.2579950 0.2112403 0.3491697 0.3349723 0.3276701 0.3539758 0.3573815 0.3230620 0.3303041 0.3037566 0.2646685 0.3377817 0.2123266 0.2550195 0.2590664 0.2580746 0.3820659 0.3617253 0.3298311 0.3456076 0.3192340 0.3430863 0.3124735 0.3061148 0.2993865 0.3457350 0.3411243 0.3231051 0.2919850 0.3081436 0.2974639 0.2883261 0.3451761 0.3803540 0.4115953 0.3943566 0.4003497 0.2319165 0.2353607 0.2387378 0.2169313 0.2100520 0.2229923 0.3180409 0.2376229 0.2065055 0.2478353 0.2692274 0.3868672 0.3336865 0.3875279 0.3969279 0.4401414 0.3582356 0.5401946 0.2538621 0.2658240 0.6697960 0.6389784 0.4556939 0.2426836 0.8751562 0.9193236 2.5289852 
B._florenciae_R4                                0.0976881 0.0934946 0.0000000 0.1315657 0.1371632 0.2035978 0.2150161 0.2048335 0.1520513 0.1520740 0.1611723 0.1393440 0.1460416 0.1391142 0.1608482 0.2155017 0.2083570 0.1977068 0.2194977 0.1816420 0.2514576 0.1979859 0.1891494 0.1931208 0.2534036 0.1897934 0.1988732 0.1646761 0.1719864 0.1910702 0.2565725 0.2172406 0.2876617 0.2845873 0.2550210 0.2823895 0.2449842 0.2372702 0.2558272 0.2430375 0.2858345 0.2880947 0.2892171 0.2946953 0.2732553 0.2390529 0.2444731 0.2822014 0.2618874 0.2456366 0.2771871 0.2092193 0.3296653 0.3106108 0.3150411 0.3189181 0.3363890 0.3150615 0.3089149 0.3103509 0.2662549 0.3363332 0.1974250 0.2439133 0.2381691 0.2573344 0.3907666 0.3685881 0.3541037 0.3537047 0.3333904 0.3371767 0.3250764 0.3243605 0.3043592 0.3360764 0.3290746 0.3181147 0.2974532 0.3065114 0.2955746 0.2907318 0.3466599 0.3540066 0.3785567 0.3880125 0.3965946 0.2546703 0.2665729 0.2763685 0.2401646 0.2345794 0.2315147 0.3484436 0.2145432 0.2065559 0.2314959 0.2625086 0.4570526 0.3524074 0.4045954 0.4196471 0.4079428 0.3423256 0.5082798 0.2618646 0.3143100 0.6336676 0.6030980 0.5193228 0.2149540 0.8620109 0.8393561 2.2444062 
B._alsatica_IBS382                              0.1365851 0.1207413 0.1315657 0.0000000 0.1169157 0.1314890 0.1916619 0.1840571 0.1228496 0.1159936 0.1310341 0.1283133 0.1328234 0.1278806 0.1424192 0.1911906 0.1764097 0.1463851 0.1528019 0.1522009 0.1892925 0.1796063 0.1645960 0.1556597 0.1922378 0.1645583 0.1626606 0.1461581 0.1427268 0.1598556 0.1933287 0.1818331 0.2420749 0.2335072 0.2432637 0.2899595 0.2465233 0.2473108 0.2088857 0.1980387 0.2256993 0.2515900 0.2499203 0.2425737 0.2218996 0.2116035 0.2293417 0.2258562 0.2457456 0.2068568 0.2302631 0.1996503 0.2999875 0.2846704 0.2832741 0.3050448 0.3128864 0.3040764 0.3122782 0.2770338 0.2315838 0.3199633 0.1960774 0.2421698 0.2403900 0.2105314 0.3138933 0.2940765 0.2899083 0.3023134 0.2695410 0.3116789 0.2909323 0.2611625 0.2528720 0.2483582 0.2376908 0.2521643 0.2372292 0.2424962 0.2443572 0.2434301 0.3312892 0.2943655 0.3333527 0.3478420 0.3706113 0.2379920 0.2357791 0.2411460 0.2088119 0.1978403 0.2034229 0.2526102 0.2329282 0.2025466 0.2290437 0.2396158 0.3455170 0.2919142 0.3664997 0.3514924 0.3603969 0.2959306 0.4592505 0.2886096 0.2978895 0.5882405 0.5698001 0.4650313 0.2264395 0.7331073 0.9443258 1.8691007 
B._phoceensis_16120                             0.1757414 0.1408494 0.1371632 0.1169157 0.0000000 0.1405334 0.1973002 0.1881415 0.1332387 0.1379311 0.1472765 0.1270362 0.1278727 0.1451259 0.1584329 0.1904352 0.1893878 0.2047635 0.1963547 0.1753088 0.2464327 0.2056717 0.1845403 0.1685263 0.2118095 0.1738966 0.1811548 0.1613303 0.1439636 0.1580874 0.2064171 0.2220627 0.2618998 0.2519541 0.2373920 0.2714781 0.2313543 0.2323472 0.2133714 0.2146271 0.2442057 0.2722308 0.2679551 0.2742991 0.2595123 0.2331883 0.2373370 0.2375030 0.2202238 0.2135644 0.2590550 0.2267406 0.3388946 0.3132290 0.2862639 0.3211831 0.3558067 0.3125840 0.3272692 0.3135619 0.2412992 0.3471527 0.1773862 0.2267960 0.2298508 0.2368945 0.3227771 0.3243155 0.3107506 0.3167270 0.3374922 0.3436908 0.3128040 0.3140969 0.2558043 0.2389074 0.2493862 0.2351552 0.2148634 0.2247405 0.2201717 0.2823058 0.3343824 0.2985691 0.3476760 0.3552628 0.3870909 0.2355503 0.2523241 0.2419344 0.2238960 0.2014783 0.2257728 0.2895427 0.2367763 0.2070494 0.2274165 0.2386477 0.3663375 0.3000618 0.4022959 0.3763797 0.3764044 0.3638340 0.5436628 0.2150776 0.2470423 0.6170085 0.5988703 0.5285759 0.2252843 0.8185548 0.9110164 1.9960920 
B._callosciuri_BR1_1                            0.1901147 0.1902733 0.2035978 0.1314890 0.1405334 0.0000000 0.1866987 0.1816038 0.1282155 0.1259425 0.1320288 0.1261276 0.1570601 0.1805836 0.1537324 0.2227482 0.1980660 0.1913013 0.1822861 0.1559942 0.2302839 0.1824839 0.1509553 0.1604733 0.1675291 0.1727744 0.1728455 0.1737369 0.1683002 0.1789348 0.2005988 0.2444008 0.2386037 0.2290985 0.2275390 0.2785770 0.2264318 0.2203640 0.2010348 0.2099246 0.2106725 0.2366031 0.2557112 0.2415424 0.2258157 0.2403354 0.2367940 0.2319116 0.2381359 0.2111509 0.2273608 0.1958614 0.2651300 0.2839068 0.2549744 0.3082782 0.3208719 0.3216604 0.3105589 0.3133768 0.2149514 0.2923828 0.2128261 0.2829691 0.2686040 0.2467588 0.3162787 0.3297577 0.3235020 0.3283783 0.3210724 0.3392421 0.2896875 0.2989156 0.2542182 0.2485104 0.2362591 0.2619832 0.2486396 0.2613488 0.2538325 0.2672728 0.3118653 0.3396910 0.3014082 0.3323713 0.3259323 0.2149559 0.2288917 0.2184696 0.2067755 0.1890451 0.2079669 0.2625750 0.2135891 0.1983383 0.2060973 0.1993824 0.3253221 0.3103583 0.4096936 0.3953803 0.3813482 0.3571647 0.6296213 0.2357191 0.2914194 0.6132334 0.5680585 0.5604974 0.2312299 0.8352089 1.0003140 1.8005104 
B._coopersplainsensis_AUST_NH20                 0.1914462 0.2361252 0.2150161 0.1916619 0.1973002 0.1866987 0.0000000 0.0513761 0.1751687 0.1780250 0.1888296 0.2039273 0.2281063 0.2404934 0.2395638 0.2507157 0.2531676 0.2326674 0.2418140 0.2583231 0.2436280 0.2141027 0.2090385 0.2200839 0.2347973 0.2051640 0.2285704 0.2259483 0.2081905 0.2344994 0.2816349 0.3449580 0.2984276 0.2936453 0.2591339 0.3188670 0.2422286 0.2531030 0.2717934 0.2136449 0.3144708 0.2931274 0.3223168 0.2815086 0.2748838 0.2536103 0.2661944 0.3033991 0.2970886 0.2706944 0.3012045 0.1324737 0.3235533 0.3172862 0.3330786 0.3401991 0.3566537 0.3651810 0.3581151 0.3529959 0.2900375 0.4144175 0.2825957 0.3562563 0.3543076 0.3392435 0.4132191 0.4311789 0.4154539 0.4113074 0.3993733 0.4298914 0.3837451 0.3618491 0.3976106 0.3726451 0.3754832 0.3980224 0.3840057 0.3981104 0.3730139 0.3320368 0.4177343 0.4094839 0.4347853 0.4030527 0.4586719 0.2903394 0.2823117 0.2931146 0.2608363 0.2394447 0.2412420 0.3109500 0.2848483 0.3100760 0.3106877 0.3370337 0.4363953 0.3014733 0.4465300 0.4714156 0.4667050 0.4530075 0.6205034 0.3764922 0.3893990 0.5749413 0.5371244 0.5895736 0.4043113 0.8631282 1.0716845 2.0917677 
B._japonica_Fuji_18_1                           0.1791409 0.2079182 0.2048335 0.1840571 0.1881415 0.1816038 0.0513761 0.0000000 0.1577529 0.1697215 0.1802787 0.2060117 0.2307562 0.2252789 0.2298005 0.2281438 0.2173183 0.1967926 0.2059681 0.2254626 0.2242211 0.2328370 0.1999642 0.1931939 0.2236837 0.1823659 0.2134474 0.2047201 0.1945418 0.2102479 0.2530018 0.3267873 0.2801299 0.2582086 0.2363404 0.2967641 0.2047314 0.2170242 0.2722163 0.2116101 0.2882575 0.2575771 0.3103188 0.2514125 0.2443847 0.2359448 0.2461841 0.2795190 0.2699333 0.2423285 0.2823393 0.1168656 0.3369669 0.3149109 0.3206269 0.3403159 0.3531704 0.3585651 0.3589407 0.3352559 0.2964145 0.4121202 0.2864019 0.3411678 0.3124654 0.3541485 0.3845757 0.3913857 0.3581221 0.3627243 0.3540687 0.3832572 0.3352069 0.3304115 0.3557874 0.3484757 0.3418127 0.3600172 0.3399867 0.3609032 0.3331527 0.3293456 0.3755914 0.3789904 0.3843463 0.3789139 0.4588733 0.2700399 0.2679377 0.2765671 0.2404119 0.2368864 0.2277256 0.2826175 0.2656013 0.2926373 0.2663461 0.2994213 0.3718434 0.3025398 0.4248466 0.4418722 0.4193203 0.4152426 0.6460465 0.3935335 0.3995613 0.6431137 0.5985392 0.6256658 0.3581239 0.8153062 1.0801596 1.8661349 
B._vinsonii_arupensis_Pm136co                   0.1625727 0.1385744 0.1520513 0.1228496 0.1332387 0.1282155 0.1751687 0.1577529 0.0000000 0.0339066 0.0416192 0.1141173 0.1573167 0.1365075 0.1594360 0.1860265 0.1810462 0.1468568 0.1365347 0.1304523 0.1757048 0.1791120 0.1386405 0.1495697 0.1503140 0.1187782 0.1260765 0.1248419 0.1237494 0.1296664 0.1695331 0.1540107 0.2195362 0.2064946 0.1930710 0.2364059 0.1843404 0.2009758 0.1685115 0.1631259 0.2049557 0.2367871 0.2001181 0.2359201 0.2223065 0.2100273 0.2021507 0.2017574 0.2135956 0.1942409 0.1874115 0.1800465 0.2641697 0.2552543 0.2508644 0.3029683 0.3021154 0.2463328 0.2657354 0.2381194 0.1944789 0.2812549 0.2087785 0.2152409 0.2068171 0.1939412 0.2784290 0.2662717 0.2534741 0.2536022 0.2771723 0.2925193 0.2473562 0.2606606 0.2631854 0.2710830 0.2617021 0.2583149 0.2425895 0.2506657 0.2396291 0.2460228 0.2678823 0.3331389 0.2980390 0.3164867 0.3392540 0.1771962 0.1977625 0.1854850 0.1761542 0.1626854 0.1571200 0.2724127 0.2235922 0.1860206 0.2016773 0.2100467 0.3511238 0.2634659 0.3675995 0.2998122 0.3429972 0.3485066 0.4702509 0.1960263 0.2157108 0.5104235 0.5318171 0.5077193 0.2284203 0.8260917 1.0177890 2.0659988 
B._vinsonii_vinsonii_Baker                      0.1451873 0.1467502 0.1520740 0.1159936 0.1379311 0.1259425 0.1780250 0.1697215 0.0339066 0.0000000 0.0402863 0.1131497 0.1471628 0.1445713 0.1662903 0.1984730 0.1829646 0.1567398 0.1515977 0.1639033 0.1864583 0.1674862 0.1628685 0.1777525 0.1763647 0.1511156 0.1362175 0.1345768 0.1302319 0.1421764 0.1787152 0.1711931 0.2338766 0.2243247 0.2091153 0.2484292 0.1866382 0.1979800 0.1824273 0.1767729 0.2044842 0.2346040 0.2140462 0.2403436 0.2318882 0.2296625 0.2384630 0.2196370 0.2351239 0.2149969 0.2002468 0.1902777 0.2619338 0.2756809 0.2730625 0.3074296 0.3321719 0.2819387 0.3010053 0.2642204 0.2254394 0.2723643 0.1967398 0.2323319 0.2039388 0.1989227 0.3193301 0.2984363 0.2813340 0.2812078 0.2781846 0.3227799 0.2592982 0.2700386 0.2641639 0.2488593 0.2433076 0.2519210 0.2384428 0.2473202 0.2496343 0.2255297 0.2892436 0.3339313 0.2919196 0.3006577 0.3225983 0.2066637 0.2174032 0.2130346 0.1981898 0.1753412 0.1789234 0.2787969 0.2279351 0.2064011 0.2015494 0.2148154 0.3755761 0.2704723 0.4062874 0.3567743 0.3678289 0.3378105 0.5092035 0.1859058 0.2117073 0.5211640 0.5308714 0.5175706 0.2562697 0.9097517 1.0608273 2.3576047 
B._vinsonii_berkhoffii_Tweed                    0.1720609 0.1326388 0.1611723 0.1310341 0.1472765 0.1320288 0.1888296 0.1802787 0.0416192 0.0402863 0.0000000 0.1181059 0.1645834 0.1636399 0.1813990 0.2005361 0.1764343 0.1542998 0.1503428 0.1507570 0.1924938 0.1689485 0.1532190 0.1654738 0.1745991 0.1390495 0.1344791 0.1303110 0.1299450 0.1336293 0.1670102 0.1726302 0.2144006 0.2019113 0.1974448 0.2468744 0.2027191 0.2139898 0.1725751 0.1760032 0.2230566 0.2382448 0.2275778 0.2586918 0.2486129 0.2260630 0.2261536 0.2207847 0.2003352 0.1781196 0.1856417 0.1850942 0.2736627 0.2715930 0.2600243 0.3051613 0.2976048 0.2683578 0.2791817 0.2504884 0.2044919 0.2633077 0.2264467 0.2505167 0.2381589 0.2145435 0.2830429 0.2743785 0.2530890 0.2654497 0.2872093 0.2880159 0.2500211 0.2558212 0.2594038 0.2766565 0.2674556 0.2630190 0.2474305 0.2601610 0.2506855 0.2492124 0.2848147 0.3150432 0.2812300 0.3132821 0.3073076 0.1823263 0.1885459 0.1932219 0.1808090 0.1638980 0.1731062 0.2743527 0.2310253 0.2017986 0.2165270 0.2229601 0.3564443 0.2780757 0.3602591 0.3215581 0.3409608 0.3300858 0.4806809 0.2050772 0.2050710 0.5309143 0.5363119 0.4958773 0.2497280 0.8178991 0.9512365 1.9225041 
B._taylorii_8TBB                                0.1744403 0.1330396 0.1393440 0.1283133 0.1270362 0.1261276 0.2039273 0.2060117 0.1141173 0.1131497 0.1181059 0.0000000 0.1658473 0.1314481 0.1504165 0.1786399 0.1777193 0.1762169 0.1712172 0.1398698 0.1946251 0.2086761 0.1716503 0.1858788 0.1837061 0.1397801 0.1572343 0.1321788 0.1476985 0.1553525 0.2111847 0.1973195 0.2367585 0.2343162 0.2200196 0.2711701 0.2076730 0.2360992 0.2117188 0.2013603 0.2612327 0.2692213 0.2574832 0.2598606 0.2462926 0.2145649 0.2147234 0.2314571 0.2326139 0.2087632 0.2299490 0.1974802 0.3213819 0.3153077 0.2710275 0.3373319 0.3495987 0.3158755 0.3311532 0.3215982 0.2495065 0.3339447 0.1749525 0.2409887 0.2231022 0.2187981 0.2924867 0.2975128 0.2960505 0.3148186 0.2828840 0.3219867 0.2875886 0.3061524 0.2822817 0.2564402 0.2668935 0.2524184 0.2382038 0.2498269 0.2574105 0.2635498 0.3229241 0.3621615 0.2996587 0.2898455 0.3222309 0.2208472 0.2254289 0.2250349 0.2107284 0.1767995 0.2073986 0.3215296 0.2213538 0.1746184 0.2356651 0.2405971 0.3622401 0.3139871 0.3746323 0.3900654 0.4046752 0.3592376 0.6043144 0.1963941 0.2114242 0.5956504 0.5928013 0.4583997 0.2373654 0.9266815 0.9715882 1.9700148 
B._pachyuromydis_FN15_2                         0.1695370 0.1371343 0.1460416 0.1328234 0.1278727 0.1570601 0.2281063 0.2307562 0.1573167 0.1471628 0.1645834 0.1658473 0.0000000 0.1013543 0.1180838 0.2613345 0.2411440 0.2366693 0.2454507 0.2391370 0.2613188 0.2185539 0.2150795 0.2208342 0.2813906 0.2079749 0.2180520 0.2051871 0.1877654 0.2176814 0.2549747 0.2686239 0.3156237 0.3057601 0.2832763 0.3327741 0.2750033 0.2883561 0.2480346 0.2452750 0.2676179 0.3079953 0.3550001 0.3044986 0.2919251 0.3009764 0.2876760 0.2792451 0.3052749 0.2591306 0.3097403 0.2438960 0.3815514 0.3707292 0.3458587 0.4130590 0.4208661 0.4107777 0.4135507 0.3599081 0.3242355 0.3539956 0.2043983 0.2430607 0.2641233 0.2685861 0.4113743 0.4321190 0.3823510 0.3871454 0.3520232 0.4241296 0.3560680 0.3132043 0.3201215 0.3075578 0.3093081 0.3140458 0.3117301 0.3106695 0.3079699 0.3553576 0.3936485 0.4154769 0.4111925 0.4188763 0.4374976 0.3000375 0.2930138 0.3063596 0.2606072 0.2421427 0.2636891 0.3614891 0.2265744 0.2439782 0.2258947 0.2369752 0.3906803 0.3638580 0.5169564 0.4705844 0.5066847 0.3964061 0.5881941 0.2633014 0.2664913 0.6392908 0.5907276 0.5435405 0.2737290 0.9462783 1.0015765 2.0188286 
B._sp._Meriones.libycus_B29771                  0.1496032 0.1315927 0.1391142 0.1278806 0.1451259 0.1805836 0.2404934 0.2252789 0.1365075 0.1445713 0.1636399 0.1314481 0.1013543 0.0000000 0.0665692 0.1999408 0.2074781 0.2263578 0.2078226 0.2008826 0.2327870 0.2295476 0.1983956 0.1913916 0.2379761 0.1635119 0.2092423 0.1785619 0.1759753 0.1952132 0.2835210 0.2499114 0.2625774 0.2638839 0.2516887 0.2949140 0.2530856 0.2619485 0.2281686 0.2360317 0.2772621 0.2861074 0.2886455 0.2867309 0.2801804 0.2573029 0.2465488 0.2604675 0.2637321 0.2337028 0.2731071 0.2416177 0.3414526 0.3329756 0.3090482 0.3297433 0.3760407 0.3378386 0.3423886 0.3360610 0.2693208 0.3703383 0.1953658 0.2563894 0.2522701 0.2855130 0.3852920 0.3801844 0.3581469 0.3721468 0.3498284 0.3637440 0.3061485 0.2860244 0.3032279 0.3040798 0.3273583 0.3086703 0.2882265 0.3067613 0.3004285 0.2988022 0.3494436 0.4029115 0.3636843 0.3485921 0.3873963 0.2435403 0.2514118 0.2602308 0.2316264 0.2132413 0.2396615 0.3478357 0.2257197 0.2377290 0.2086837 0.2341488 0.4543776 0.3339808 0.4545643 0.4242590 0.4630950 0.3722264 0.5666986 0.2503527 0.2503807 0.6057981 0.6262855 0.4991206 0.2556137 0.9623669 0.9835269 2.1035673 
B._sp._Sekeetamys.calurus_FG1_1                 0.1538244 0.1592749 0.1608482 0.1424192 0.1584329 0.1537324 0.2395638 0.2298005 0.1594360 0.1662903 0.1813990 0.1504165 0.1180838 0.0665692 0.0000000 0.2492097 0.2494621 0.2514000 0.2423513 0.2235945 0.2723802 0.2413397 0.2170771 0.2052659 0.2737099 0.2094310 0.2161025 0.2044815 0.1916237 0.2265724 0.2743362 0.2726598 0.3127959 0.3178282 0.2836681 0.3710928 0.2877145 0.2900694 0.2678099 0.2735109 0.3222842 0.3207283 0.3513195 0.3228035 0.3219810 0.3161333 0.3012732 0.3021062 0.3074831 0.2912481 0.3102310 0.2513277 0.3256434 0.3353015 0.3540785 0.3739893 0.4082582 0.4266296 0.4111730 0.4041912 0.3223758 0.4293512 0.2415540 0.2734695 0.2920451 0.3353633 0.4351030 0.4362194 0.4215306 0.4259915 0.3698343 0.4445752 0.3954891 0.3420083 0.3492865 0.3093353 0.3204094 0.3323874 0.3183479 0.3397775 0.3218003 0.3244206 0.4132345 0.4444811 0.4269554 0.4239486 0.4421173 0.2881567 0.2860683 0.3257267 0.2815188 0.2502933 0.2643996 0.3480821 0.2409575 0.2632563 0.2166454 0.2427845 0.4615654 0.3643289 0.4508386 0.4275091 0.4485664 0.4051947 0.6217630 0.3137821 0.2993955 0.6496246 0.6503335 0.5924964 0.3044935 0.9476476 1.0998785 2.0515830 
B._sp._Chaerephon.plicatus_SK157                0.2796245 0.2165883 0.2155017 0.1911906 0.1904352 0.2227482 0.2507157 0.2281438 0.1860265 0.1984730 0.2005361 0.1786399 0.2613345 0.1999408 0.2492097 0.0000000 0.0919986 0.2109573 0.1947603 0.1712175 0.2359629 0.2319472 0.2161113 0.1901228 0.2135856 0.1999275 0.2184227 0.1679799 0.1816309 0.1917195 0.2814620 0.2275059 0.2285827 0.2154974 0.2951350 0.3066805 0.2407373 0.2605319 0.2246847 0.2262705 0.2670574 0.2651594 0.2720943 0.2540560 0.2455341 0.2254240 0.2224435 0.2762021 0.2417564 0.2369809 0.2630212 0.2471992 0.3055531 0.2920748 0.2911571 0.3233478 0.3441318 0.3052777 0.3067570 0.3062600 0.2611754 0.3636075 0.2680885 0.3650241 0.3179267 0.3429898 0.3185727 0.3117018 0.2723475 0.2680667 0.2826011 0.2807724 0.2589500 0.2861530 0.2905545 0.2749936 0.2923271 0.2704390 0.2375375 0.2754071 0.2558958 0.2407417 0.3175337 0.3049306 0.3267034 0.2869806 0.3693805 0.2613322 0.2709473 0.2877944 0.2483096 0.2349946 0.2278494 0.2915159 0.3227855 0.2560842 0.2589079 0.2746992 0.3949733 0.3210263 0.4270844 0.4163087 0.3979616 0.3716660 0.5132975 0.3575277 0.3986885 0.6100774 0.5895202 0.4895682 0.2945523 0.9251838 1.0424844 2.2039615 
B._sp._Chaerephon.plicatus_SK194                0.2412888 0.1875590 0.2083570 0.1764097 0.1893878 0.1980660 0.2531676 0.2173183 0.1810462 0.1829646 0.1764343 0.1777193 0.2411440 0.2074781 0.2494621 0.0919986 0.0000000 0.1925734 0.1914910 0.1719131 0.2141033 0.2138992 0.2074953 0.1786971 0.2309854 0.2047107 0.2408027 0.1957776 0.1802563 0.1982712 0.2629055 0.2468081 0.2152809 0.2021062 0.2327888 0.2681554 0.2204519 0.2264716 0.2156663 0.2245768 0.2535772 0.2710694 0.2554941 0.2767051 0.2821688 0.2632051 0.2602168 0.2771787 0.2222604 0.2159667 0.2470796 0.2506519 0.3212565 0.3084877 0.2819985 0.3222455 0.3467968 0.3039866 0.3009716 0.2898207 0.2208105 0.3004606 0.2682620 0.3571037 0.3006339 0.2971057 0.3145045 0.2956362 0.2549489 0.2658552 0.2567274 0.2813161 0.2533281 0.2944242 0.2861044 0.2782138 0.2897793 0.2752571 0.2508965 0.2759674 0.2602055 0.2243743 0.2867238 0.3077757 0.3251805 0.3153721 0.3396475 0.2576829 0.2505111 0.2596516 0.2383224 0.2345409 0.2350947 0.2543183 0.3263833 0.2304726 0.2493117 0.2896256 0.3975528 0.2705471 0.3770410 0.3590961 0.3678884 0.3665659 0.5368179 0.3764189 0.3979845 0.5391107 0.5262537 0.4517009 0.3079111 0.8974832 1.0600437 2.1146259 
B._sp._Myotis.blythii_Vesp_4_B44601             0.2200110 0.2046532 0.1977068 0.1463851 0.2047635 0.1913013 0.2326674 0.1967926 0.1468568 0.1567398 0.1542998 0.1762169 0.2366693 0.2263578 0.2514000 0.2109573 0.1925734 0.0000000 0.0520033 0.1077865 0.1274376 0.1780665 0.1854213 0.1862083 0.1807369 0.1529386 0.1878749 0.1626115 0.1711727 0.1835479 0.2206904 0.2328681 0.2435646 0.2350003 0.2330308 0.2842259 0.2285411 0.2317937 0.2279254 0.1998237 0.2342205 0.2436752 0.2307073 0.2608811 0.2288588 0.2143837 0.2071673 0.2080767 0.2041727 0.1875325 0.2342830 0.2219914 0.3132593 0.2841816 0.2640119 0.2943482 0.2985606 0.2805093 0.2867649 0.2715990 0.2091310 0.2848273 0.2625100 0.3083771 0.2908133 0.2885523 0.3279994 0.3226443 0.2919281 0.2937778 0.3414785 0.3343745 0.3041675 0.2942507 0.2824761 0.3416210 0.3325672 0.3128397 0.2952267 0.3055985 0.2901644 0.2871967 0.3189677 0.3468559 0.3164596 0.3179241 0.3944683 0.2509456 0.2513222 0.2414487 0.2337645 0.2264474 0.2181762 0.2439513 0.2883103 0.2685691 0.2814235 0.3080679 0.3948518 0.2636822 0.3745486 0.3996344 0.3646204 0.3461667 0.5040981 0.3263540 0.3610643 0.5675750 0.5928351 0.5523590 0.2731910 0.8801747 1.0497914 2.0103883 
B._sp._Myotis.blythii_Vesp_5_B44622             0.2483827 0.1951656 0.2194977 0.1528019 0.1963547 0.1822861 0.2418140 0.2059681 0.1365347 0.1515977 0.1503428 0.1712172 0.2454507 0.2078226 0.2423513 0.1947603 0.1914910 0.0520033 0.0000000 0.0979507 0.1145564 0.1815941 0.1710070 0.1721122 0.1845940 0.1515714 0.2192725 0.1703847 0.1827774 0.1844992 0.2632044 0.2680629 0.2220267 0.2237590 0.2364849 0.2940287 0.2439489 0.2448078 0.2101131 0.1894251 0.2272927 0.2380353 0.2333048 0.2581329 0.2286064 0.2133695 0.2066235 0.2113103 0.2155194 0.1924796 0.2378236 0.2186152 0.3070537 0.2943647 0.2565835 0.3247693 0.3219908 0.2892943 0.2958198 0.2697000 0.2088513 0.3047846 0.2667094 0.3044462 0.2793037 0.3023184 0.3067935 0.3000197 0.2699920 0.2839687 0.3307570 0.3119813 0.2821616 0.2758089 0.2969646 0.3333509 0.3300551 0.2983701 0.2888491 0.3009326 0.2858130 0.2729238 0.3235167 0.3527086 0.3047607 0.2998522 0.3637008 0.2305414 0.2406549 0.2377803 0.2331835 0.1994953 0.2016611 0.2182832 0.2952465 0.2421154 0.2890287 0.2986680 0.3412723 0.2588196 0.3484228 0.3828678 0.3516383 0.3522717 0.4910187 0.3370084 0.3487484 0.5883041 0.6337093 0.5777772 0.2792547 0.8381458 1.0198991 1.9300517 
B._sp._Rhinolophus.ferrumequinum_Rhin_1_B44706  0.2329190 0.1809899 0.1816420 0.1522009 0.1753088 0.1559942 0.2583231 0.2254626 0.1304523 0.1639033 0.1507570 0.1398698 0.2391370 0.2008826 0.2235945 0.1712175 0.1719131 0.1077865 0.0979507 0.0000000 0.1451262 0.1923290 0.1553004 0.1478899 0.1529792 0.1207321 0.1585717 0.1354592 0.1521368 0.1653682 0.2110478 0.2102387 0.2192674 0.2223909 0.2355439 0.2943579 0.2506592 0.2502237 0.2048649 0.1871689 0.2386721 0.2338174 0.2423625 0.2585022 0.2154862 0.2142064 0.2065803 0.2275473 0.1956089 0.1728075 0.2073757 0.2136130 0.3128037 0.2978867 0.2512564 0.3203015 0.3128106 0.2411546 0.2513136 0.2304331 0.1902136 0.2479748 0.2620159 0.3095564 0.2927545 0.2841206 0.3033611 0.3016146 0.2765143 0.2865142 0.3072063 0.2966749 0.2611511 0.2830899 0.2613810 0.2833375 0.2750811 0.2652307 0.2448982 0.2659977 0.2432764 0.2640094 0.2915802 0.3733019 0.2748585 0.2927726 0.3403932 0.2304365 0.2280587 0.2366153 0.2139747 0.2079594 0.2217738 0.2408117 0.3049360 0.2213350 0.2488270 0.2593317 0.3650802 0.2916182 0.3455701 0.3715378 0.3468107 0.3359561 0.5318972 0.2833606 0.3264673 0.5632893 0.5950442 0.5212471 0.3151463 0.9018502 0.9758429 1.6101130 
B._sp._Eidolon.helvum_Ew_111                    0.2663121 0.2241184 0.2514576 0.1892925 0.2464327 0.2302839 0.2436280 0.2242211 0.1757048 0.1864583 0.1924938 0.1946251 0.2613188 0.2327870 0.2723802 0.2359629 0.2141033 0.1274376 0.1145564 0.1451262 0.0000000 0.2294631 0.1934295 0.2001079 0.1965303 0.1596247 0.2776093 0.2189782 0.2169695 0.2317183 0.3249098 0.3941290 0.2184502 0.2287288 0.2327669 0.2988689 0.2652855 0.2887843 0.2143026 0.2100412 0.2757686 0.2476431 0.2391078 0.2704942 0.2570001 0.2508599 0.2421198 0.2483582 0.2177058 0.2101278 0.2382595 0.2514892 0.3150184 0.3125144 0.2751635 0.3156622 0.3153358 0.2976894 0.3060668 0.2800563 0.2109357 0.3972995 0.2969609 0.3910572 0.3465978 0.3883160 0.3037256 0.2925649 0.3004248 0.3052335 0.3610034 0.3328048 0.2917580 0.2918852 0.2834626 0.3275737 0.3537599 0.3054659 0.2934378 0.3060174 0.2931047 0.2712912 0.3664609 0.4197500 0.4186597 0.3999278 0.4703826 0.2785122 0.2915099 0.2719272 0.2685279 0.2491757 0.2702218 0.2752681 0.3542594 0.2753248 0.3475668 0.3828271 0.4350276 0.3054568 0.3787117 0.3786134 0.4070371 0.3957205 0.5053766 0.3972446 0.4066288 0.6065844 0.6672001 0.5943090 0.3778669 0.9279976 1.0849111 2.0105007 
B._sp._Chaerephon.plicatus_SK165                0.2190317 0.1959567 0.1979859 0.1796063 0.2056717 0.1824839 0.2141027 0.2328370 0.1791120 0.1674862 0.1689485 0.2086761 0.2185539 0.2295476 0.2413397 0.2319472 0.2138992 0.1780665 0.1815941 0.1923290 0.2294631 0.0000000 0.1892296 0.1989210 0.1943883 0.1958031 0.2135849 0.1855941 0.1763663 0.1860449 0.2460567 0.2654860 0.2468860 0.2333078 0.2288712 0.2722258 0.2247799 0.2254005 0.2354589 0.2178630 0.2371436 0.2493144 0.2416861 0.2802770 0.2668011 0.2500166 0.2408605 0.2417442 0.2408055 0.2325894 0.2640947 0.2524125 0.2965183 0.2814092 0.3003314 0.2850305 0.3576136 0.3723079 0.3624066 0.3585494 0.2675981 0.3637364 0.2929284 0.3973001 0.3893618 0.3564623 0.3310115 0.3356710 0.3075910 0.3129825 0.3417797 0.3238846 0.2869541 0.2804412 0.3456878 0.3503281 0.3404361 0.3273556 0.3342320 0.3284183 0.3188863 0.2622231 0.3899222 0.3778937 0.3844304 0.3775915 0.3782060 0.2635335 0.2570805 0.2545400 0.2415370 0.2258384 0.2509109 0.3082924 0.3373942 0.2702096 0.2612983 0.2920223 0.4465629 0.3414470 0.3930631 0.4253824 0.4205613 0.3064130 0.4923710 0.3586271 0.3926662 0.6458210 0.6011466 0.5125947 0.3486438 0.8633418 1.0262810 2.3047359 
B._henselae_Houston_1                           0.2311230 0.1953049 0.1891494 0.1645960 0.1845403 0.1509553 0.2090385 0.1999642 0.1386405 0.1628685 0.1532190 0.1716503 0.2150795 0.1983956 0.2170771 0.2161113 0.2074953 0.1854213 0.1710070 0.1553004 0.1934295 0.1892296 0.0000000 0.0676792 0.1005173 0.1089410 0.1766835 0.1754544 0.1829871 0.1971094 0.2331830 0.2582399 0.2040272 0.2027200 0.1905933 0.2439099 0.1864634 0.1883934 0.1625973 0.1556099 0.2086585 0.2138792 0.2153699 0.2257199 0.2149403 0.2095697 0.1952425 0.2227016 0.1996622 0.1825671 0.2089220 0.2107899 0.2412017 0.2346739 0.2243717 0.2313937 0.2601621 0.2602771 0.2643465 0.2587957 0.1993423 0.2952601 0.2473602 0.2911919 0.2700848 0.2594512 0.2942150 0.2836593 0.2610150 0.2600436 0.3116309 0.2988099 0.2450283 0.2601819 0.2391217 0.2659364 0.2556353 0.2630719 0.2542378 0.2554285 0.2413242 0.2275797 0.3135168 0.3222168 0.3159449 0.3280053 0.3391418 0.2349022 0.2387981 0.2589077 0.2213466 0.2244390 0.2269342 0.2406140 0.2943725 0.1923096 0.2614523 0.2780814 0.3965296 0.2918858 0.3429883 0.3286945 0.3377979 0.3289240 0.4614270 0.3390574 0.3619517 0.5517801 0.5355989 0.4873426 0.2560093 0.7431183 0.9570733 1.9160520 
B._koehlerae_C_29                               0.2488308 0.2085978 0.1931208 0.1556597 0.1685263 0.1604733 0.2200839 0.1931939 0.1495697 0.1777525 0.1654738 0.1858788 0.2208342 0.1913916 0.2052659 0.1901228 0.1786971 0.1862083 0.1721122 0.1478899 0.2001079 0.1989210 0.0676792 0.0000000 0.1122379 0.1199033 0.2061572 0.1853242 0.1847523 0.2010157 0.2511756 0.2436147 0.1808509 0.1763489 0.1743407 0.2133769 0.1800515 0.1875129 0.1597477 0.1511521 0.1978641 0.2037350 0.2133858 0.2428367 0.2236412 0.2124028 0.2021670 0.2159651 0.1925698 0.1756184 0.2019868 0.2277765 0.2613609 0.2487796 0.2157577 0.2328653 0.2616278 0.2638825 0.2573409 0.2634926 0.1772195 0.2716989 0.2659252 0.2963607 0.2802211 0.2781052 0.2776843 0.2840205 0.2532482 0.2527190 0.3134031 0.2893730 0.2396183 0.2461810 0.2620353 0.2686926 0.2666699 0.2696175 0.2509537 0.2572615 0.2526242 0.2339820 0.2996660 0.3340684 0.2846446 0.3328390 0.3375204 0.2210496 0.2187419 0.2441820 0.2136835 0.2151435 0.2233917 0.2333621 0.3170036 0.2188088 0.2392134 0.2646021 0.3843900 0.2913329 0.3419824 0.3018203 0.3330525 0.3396849 0.4753257 0.3580902 0.3673772 0.5274722 0.4978235 0.4936523 0.2338114 0.7249695 0.9284023 1.8414690 
B._quintana_Toulouse                            0.2673454 0.2422764 0.2534036 0.1922378 0.2118095 0.1675291 0.2347973 0.2236837 0.1503140 0.1763647 0.1745991 0.1837061 0.2813906 0.2379761 0.2737099 0.2135856 0.2309854 0.1807369 0.1845940 0.1529792 0.1965303 0.1943883 0.1005173 0.1122379 0.0000000 0.1184222 0.1961979 0.1768030 0.1987702 0.2091225 0.2680894 0.3092914 0.1883081 0.1788588 0.1965519 0.2473117 0.1834299 0.1916196 0.1729396 0.1555522 0.1893156 0.2059673 0.2003503 0.2097755 0.2031200 0.2057669 0.2037617 0.2105615 0.2031936 0.1751941 0.1821524 0.2298046 0.2669022 0.2542251 0.2252496 0.2479155 0.2625721 0.2635563 0.2813510 0.2629210 0.2101231 0.3572522 0.2984404 0.3540895 0.3073473 0.3343113 0.2645970 0.2675283 0.2684571 0.2682058 0.3220081 0.2819636 0.2517480 0.2738088 0.2600417 0.2663971 0.2692615 0.2681279 0.2573361 0.2628385 0.2549325 0.2538302 0.3029334 0.3455661 0.3425493 0.3804253 0.3993719 0.2406183 0.2406632 0.2464995 0.2288818 0.2273589 0.2406383 0.2510676 0.2934825 0.2282624 0.2668661 0.2866816 0.4261578 0.2843351 0.3429708 0.3769386 0.3594696 0.3265923 0.5087530 0.3667972 0.3887641 0.6138546 0.6095520 0.5586832 0.2991847 0.7807785 0.9711041 1.9139162 
B._washoensis_Sb944nv                           0.1948667 0.1807907 0.1897934 0.1645583 0.1738966 0.1727744 0.2051640 0.1823659 0.1187782 0.1511156 0.1390495 0.1397801 0.2079749 0.1635119 0.2094310 0.1999275 0.2047107 0.1529386 0.1515714 0.1207321 0.1596247 0.1958031 0.1089410 0.1199033 0.1184222 0.0000000 0.1240845 0.1047712 0.1220844 0.1373952 0.1879342 0.2491592 0.1886928 0.1995971 0.1875926 0.2306385 0.1950264 0.2118590 0.1672579 0.1476314 0.2132699 0.2137872 0.2166973 0.2441635 0.2152739 0.1904662 0.1802322 0.1818147 0.1962468 0.1793052 0.1771962 0.2046121 0.2777522 0.2600199 0.2241194 0.2887217 0.2974110 0.2576318 0.2625567 0.2204026 0.1782910 0.2792063 0.2330311 0.2374095 0.2309639 0.2507328 0.2791450 0.2716457 0.2535309 0.2454136 0.2939842 0.2611774 0.2464974 0.2368341 0.2457556 0.2676334 0.2701546 0.2425758 0.2276415 0.2485247 0.2299362 0.2533477 0.3139766 0.3540219 0.2852815 0.3066453 0.3340119 0.2191622 0.2202585 0.2097722 0.2008715 0.2097324 0.2146389 0.2529048 0.2713150 0.1553764 0.2575346 0.2840142 0.3385954 0.2589554 0.3270943 0.3364580 0.3383977 0.2950296 0.5081820 0.2465075 0.2747256 0.5611776 0.5543236 0.4844625 0.2621875 0.7196138 0.9605552 1.8742466 
B._sp._Eptesicus.nilssoni_1157_3                0.1713441 0.1699377 0.1988732 0.1626606 0.1811548 0.1728455 0.2285704 0.2134474 0.1260765 0.1362175 0.1344791 0.1572343 0.2180520 0.2092423 0.2161025 0.2184227 0.2408027 0.1878749 0.2192725 0.1585717 0.2776093 0.2135849 0.1766835 0.2061572 0.1961979 0.1240845 0.0000000 0.0044376 0.0408314 0.0502954 0.0578821 0.1177955 0.3503238 0.3409349 0.3102208 0.3477817 0.2091345 0.2574236 0.2277201 0.2517614 0.3151272 0.3369907 0.3266156 0.3295866 0.2889034 0.2911200 0.2983978 0.2864202 0.2649069 0.2721481 0.2891045 0.2365005 0.3457878 0.3129639 0.3144753 0.4058850 0.4214198 0.3844714 0.3886237 0.3820565 0.3057350 0.3514125 0.2537108 0.2395845 0.2251322 0.2270986 0.3519558 0.3645698 0.3709700 0.3427211 0.2724444 0.4058436 0.3438318 0.3353518 0.2780892 0.2692540 0.2610414 0.2711626 0.2536498 0.2804764 0.2466946 0.3146756 0.3284924 0.3602356 0.3358881 0.3280914 0.3710690 0.2612878 0.2625630 0.2771553 0.2314472 0.2282700 0.2377390 0.3548274 0.2802386 0.2840626 0.2810098 0.2636690 0.3854050 0.3615000 0.4361095 0.4728391 0.4374453 0.4075769 0.6944193 0.2216642 0.2635271 0.8433948 0.7740450 0.6600147 0.3154627 1.1435076 1.1997487 2.6724718 
B._sp._Myotis.blythii_Vesp_2_B44722             0.1693198 0.1440915 0.1646761 0.1461581 0.1613303 0.1737369 0.2259483 0.2047201 0.1248419 0.1345768 0.1303110 0.1321788 0.2051871 0.1785619 0.2044815 0.1679799 0.1957776 0.1626115 0.1703847 0.1354592 0.2189782 0.1855941 0.1754544 0.1853242 0.1768030 0.1047712 0.0044376 0.0000000 0.0375937 0.0439458 0.0638313 0.1126643 0.2498973 0.2473296 0.2450561 0.2689585 0.1938878 0.2260819 0.1950281 0.1867278 0.2718868 0.2678068 0.2644043 0.2686604 0.2442467 0.2199685 0.2274094 0.2343460 0.2299255 0.2134961 0.2284732 0.2012757 0.2897425 0.2675707 0.2839769 0.3272824 0.3367352 0.2923061 0.3025351 0.2719869 0.2345517 0.3473452 0.2134966 0.2272389 0.2071141 0.2158453 0.3068293 0.3134533 0.2832187 0.2780099 0.2769298 0.3136483 0.2906074 0.2857109 0.2454724 0.2490876 0.2486293 0.2257207 0.2163986 0.2261782 0.2137031 0.2868085 0.3021134 0.3381937 0.3146508 0.3039870 0.3452604 0.2246286 0.2417641 0.2338519 0.2040831 0.2058845 0.2041069 0.3193128 0.2629381 0.2149357 0.2393158 0.2283892 0.3605159 0.3170518 0.3708473 0.4139593 0.4037765 0.3308251 0.5265376 0.1931109 0.2362768 0.6450325 0.6412924 0.5130943 0.2444271 0.8988473 0.9744651 1.8080444 
B._sp._Eptesicus.serotinus_Vesp_3_B44724        0.1679004 0.1473113 0.1719864 0.1427268 0.1439636 0.1683002 0.2081905 0.1945418 0.1237494 0.1302319 0.1299450 0.1476985 0.1877654 0.1759753 0.1916237 0.1816309 0.1802563 0.1711727 0.1827774 0.1521368 0.2169695 0.1763663 0.1829871 0.1847523 0.1987702 0.1220844 0.0408314 0.0375937 0.0000000 0.0218259 0.0361345 0.0972556 0.2693837 0.2515833 0.2569071 0.2951591 0.2342235 0.2497452 0.2217704 0.2073216 0.2884925 0.2839338 0.2833527 0.2729381 0.2486284 0.2431753 0.2432114 0.2317870 0.2434682 0.2178116 0.2460181 0.2085819 0.3288844 0.2931143 0.3029265 0.3395360 0.3545590 0.3316628 0.3402538 0.3047351 0.2397718 0.3458778 0.2050897 0.2199883 0.2132759 0.2002646 0.3199043 0.3336336 0.2961968 0.2952813 0.2831497 0.3282031 0.3047018 0.3029631 0.2799388 0.2795016 0.2788440 0.2617154 0.2598614 0.2661618 0.2566930 0.3026297 0.3105953 0.3651906 0.3509767 0.3245635 0.3507310 0.2384170 0.2481065 0.2489700 0.2192428 0.2151632 0.2268151 0.2993889 0.2850308 0.2132121 0.2243456 0.2386291 0.3843117 0.3161812 0.3933671 0.4270964 0.3940460 0.3795669 0.5662857 0.1815070 0.2095519 0.6691700 0.6731502 0.5495114 0.2911057 0.8830895 1.0412974 2.0655516 
B._sp._Myotis.emarginatus_Vesp_1_B44731         0.1990915 0.1630973 0.1910702 0.1598556 0.1580874 0.1789348 0.2344994 0.2102479 0.1296664 0.1421764 0.1336293 0.1553525 0.2176814 0.1952132 0.2265724 0.1917195 0.1982712 0.1835479 0.1844992 0.1653682 0.2317183 0.1860449 0.1971094 0.2010157 0.2091225 0.1373952 0.0502954 0.0439458 0.0218259 0.0000000 0.0183967 0.1145582 0.2745759 0.2574502 0.2671564 0.3074274 0.2292826 0.2508264 0.2262349 0.2124978 0.2807377 0.2950080 0.2909391 0.2998301 0.2638678 0.2431935 0.2364792 0.2402372 0.2289197 0.2195282 0.2522492 0.2171911 0.3379252 0.3019834 0.2846358 0.3431513 0.3634036 0.3310377 0.3358683 0.3066815 0.2540041 0.3590429 0.2172427 0.2311792 0.2223466 0.2150550 0.3317792 0.3489598 0.2993797 0.3036409 0.2867939 0.3208459 0.3202791 0.2969543 0.2900360 0.3135820 0.3125894 0.2745100 0.2660374 0.2812122 0.2629158 0.3197585 0.3205086 0.3633425 0.3590011 0.3316077 0.3774494 0.2479283 0.2636391 0.2499680 0.2329886 0.2172201 0.2269270 0.3091908 0.3188043 0.2147418 0.2341448 0.2397849 0.3827847 0.3420871 0.3919123 0.4147948 0.3978842 0.3721437 0.5533113 0.1963900 0.2264755 0.6820367 0.6892195 0.5069985 0.3050982 0.9280844 1.0116803 1.9356824 
B._sp._Myotis.daubentonii_1160_1                0.2190555 0.2159447 0.2565725 0.1933287 0.2064171 0.2005988 0.2816349 0.2530018 0.1695331 0.1787152 0.1670102 0.2111847 0.2549747 0.2835210 0.2743362 0.2814620 0.2629055 0.2206904 0.2632044 0.2110478 0.3249098 0.2460567 0.2331830 0.2511756 0.2680894 0.1879342 0.0578821 0.0638313 0.0361345 0.0183967 0.0000000 0.1222798 0.3909974 0.3549108 0.3566795 0.4151553 0.2756314 0.3160601 0.2735986 0.2792845 0.3663482 0.3780379 0.4145814 0.3727347 0.3111838 0.3179597 0.3253823 0.3245728 0.2951701 0.2826347 0.3480151 0.2750780 0.4278175 0.3807299 0.3332663 0.4391680 0.4697865 0.4396061 0.4449004 0.4366146 0.3575536 0.3861220 0.2589127 0.2798761 0.2617328 0.2375621 0.3968018 0.4313654 0.3989884 0.3865003 0.3125636 0.4351807 0.4024096 0.3834610 0.3326647 0.3304572 0.3209999 0.3176253 0.3067262 0.3286564 0.2916435 0.3761561 0.3527974 0.4120362 0.3972256 0.3967888 0.4405056 0.2949485 0.2956246 0.3066654 0.2694973 0.2706273 0.2779477 0.3560289 0.3438286 0.3243875 0.2721109 0.2787614 0.4292368 0.4023044 0.4565188 0.4782857 0.4554606 0.4590351 0.7239591 0.2253301 0.2487601 0.8967853 0.8547739 0.6789889 0.4023767 1.1642303 1.1620202 3.0659271 
B._mayotimonensis_EYL_2008                      0.2370958 0.2090115 0.2172406 0.1818331 0.2220627 0.2444008 0.3449580 0.3267873 0.1540107 0.1711931 0.1726302 0.1973195 0.2686239 0.2499114 0.2726598 0.2275059 0.2468081 0.2328681 0.2680629 0.2102387 0.3941290 0.2654860 0.2582399 0.2436147 0.3092914 0.2491592 0.1177955 0.1126643 0.0972556 0.1145582 0.1222798 0.0000000 0.3515514 0.3485464 0.3833673 0.4113384 0.2718919 0.3382187 0.3015217 0.3555199 0.3649028 0.3768152 0.3574214 0.3955105 0.3554971 0.3255848 0.3128780 0.3140291 0.2857920 0.2669044 0.2766130 0.3049125 0.4817899 0.4251751 0.4021472 0.4825451 0.5028833 0.4512875 0.4601522 0.4523563 0.3432237 0.3885228 0.3177709 0.3326798 0.3494558 0.2508944 0.4262661 0.4661763 0.3985503 0.3918489 0.3798934 0.4539025 0.3550586 0.4363817 0.3813910 0.3726416 0.3760423 0.3529831 0.3351109 0.3717817 0.3557693 0.4036697 0.4033580 0.4787388 0.4571317 0.4399899 0.5941831 0.3249389 0.2992285 0.3432265 0.2928045 0.3162570 0.3024537 0.4158028 0.4259393 0.4107938 0.3264246 0.3246566 0.5164612 0.3654820 0.5464798 0.5516995 0.5231550 0.5346256 1.0078840 0.3703512 0.3932674 0.9438039 0.9897987 0.7707630 0.3806121 1.6349653 1.6773655 8.5289159 
B._sp._Hipposideros.armiger_KK182               0.2937159 0.2470560 0.2876617 0.2420749 0.2618998 0.2386037 0.2984276 0.2801299 0.2195362 0.2338766 0.2144006 0.2367585 0.3156237 0.2625774 0.3127959 0.2285827 0.2152809 0.2435646 0.2220267 0.2192674 0.2184502 0.2468860 0.2040272 0.1808509 0.1883081 0.1886928 0.3503238 0.2498973 0.2693837 0.2745759 0.3909974 0.3515514 0.0000000 0.0243147 0.1731155 0.2021164 0.1943365 0.2018299 0.1527039 0.1577757 0.1699154 0.1808146 0.2099291 0.2093837 0.2131019 0.1905782 0.2103286 0.2039871 0.2043443 0.1615911 0.1936502 0.2540123 0.2086906 0.2223513 0.2269091 0.2545356 0.2687374 0.2440354 0.2293597 0.2477800 0.1820066 0.3118182 0.3422811 0.4027835 0.3731099 0.3499121 0.2490572 0.2423450 0.2185260 0.2226453 0.2989385 0.2322809 0.2157805 0.2222010 0.2736364 0.2619906 0.2695281 0.2591413 0.2388479 0.2579158 0.2477442 0.1994182 0.3405504 0.3847251 0.2847910 0.2945989 0.3879803 0.2738946 0.2633091 0.2781624 0.2486871 0.2502216 0.2519455 0.2321083 0.3484026 0.2858688 0.3506708 0.3964795 0.4333624 0.2635269 0.3138802 0.3309059 0.3475717 0.2812905 0.4059734 0.4634558 0.4147149 0.5717077 0.5782323 0.4714438 0.3522563 0.7358531 0.8956877 2.2128334 
