15
B._apis_BBC0122_NZ_CP015625                  0.0000000 0.2601122 0.7657112 1.3861916 1.4710715 0.5897168 0.6982242 2.3088897 1.1527412 1.0852681 1.0015308 1.0230801 1.2960810 2.0786282 1.6734123 
B._tamiae_Th239_DQ395180                     0.2601122 0.0000000 1.1166750 1.1140902 1.1018380 0.9096171 1.0574417 3.6473595 1.3624128 1.2666169 1.1464361 1.0971106 1.1464361 1.5853879 1.4450147 
B._sp._Eidolon.helvum_E1-105_MF288105        0.7657112 1.1166750 0.0000000 0.4695908 0.4557850 0.3540409 0.5349372 1.0141161 0.7418827 0.7295571 0.7495150 0.7563760 0.8454724 0.9340580 1.9875902 
B._sp._Eidolon.helvum_E2-114_MF288106        1.3861916 1.1140902 0.4695908 0.0000000 0.1734863 0.4354575 0.7398096 1.2845334 0.7652429 0.7285920 0.7484514 0.7199181 0.7199181 0.9441744 1.7572296 
B._sp._Eidolon.helvum_E5_B40014_KM233479     1.4710715 1.1018380 0.4557850 0.1734863 0.0000000 0.3823862 0.7412283 1.3056960 0.8367357 0.8012457 0.8284345 0.7676812 0.7676812 0.9096340 2.4856156 
B._sp._Eidolon.helvum_E3-106_MF288107        0.5897168 0.9096171 0.3540409 0.4354575 0.3823862 0.0000000 0.5401287 0.8927990 0.6495308 0.6275592 0.6042369 0.6075250 0.6953167 0.7748444 1.7076176 
B._sp._Eidolon.helvum_E4_B39301_MF288109     0.6982242 1.0574417 0.5349372 0.7398096 0.7412283 0.5401287 0.0000000 1.1841184 0.7586483 0.7257738 0.7519124 0.7610556 0.8838051 1.0354549 3.0402916 
B._sp._Eidolon.helvum_Eh6-0110-R12_MN249715  2.3088897 3.6473595 1.0141161 1.2845334 1.3056960 0.8927990 1.1841184 0.0000000 0.0000010 0.0000010 0.0046641 0.0000010 0.0000010 3.4528801 9.0000000 
B._sp._Eidolon.helvum_Eh6-0710-A106_MN249716 1.1527412 1.3624128 0.7418827 0.7652429 0.8367357 0.6495308 0.7586483 0.0000010 0.0000000 0.0000010 0.0040826 0.0000010 0.0000010 1.6683292 5.3611009 
B._sp._Eidolon.helvum_Eh6-0910-A106_MN249717 1.0852681 1.2666169 0.7295571 0.7285920 0.8012457 0.6275592 0.7257738 0.0000010 0.0000010 0.0000000 0.0040039 0.0000010 0.0000010 1.5698689 4.8400493 
B._sp._Eidolon.helvum_Eh6-1109-Q131_MN249718 1.0015308 1.1464361 0.7495150 0.7484514 0.8284345 0.6042369 0.7519124 0.0046641 0.0040826 0.0040039 0.0000000 0.0039349 0.0083460 1.5486657 3.9121337 
B._sp._Eidolon.helvum_Eh6-1109-Q135_MN249719 1.0230801 1.0971106 0.7563760 0.7199181 0.7676812 0.6075250 0.7610556 0.0000010 0.0000010 0.0000010 0.0039349 0.0000000 0.0041407 1.4924927 4.2343655 
B._sp._Eidolon.helvum_Eh6-1110-A106_MN249720 1.2960810 1.1464361 0.8454724 0.7199181 0.7676812 0.6953167 0.8838051 0.0000010 0.0000010 0.0000010 0.0083460 0.0041407 0.0000000 1.6465046 4.0596581 
B._sp._Eidolon.helvum_Ew-111_MF288108        2.0786282 1.5853879 0.9340580 0.9441744 0.9096340 0.7748444 1.0354549 3.4528801 1.6683292 1.5698689 1.5486657 1.4924927 1.6465046 0.0000000 1.8842336 
Brucella_abortus_Biovar-3_Tulya_X95889       1.6734123 1.4450147 1.9875902 1.7572296 2.4856156 1.7076176 3.0402916 9.0000000 5.3611009 4.8400493 3.9121337 4.2343655 4.0596581 1.8842336 0.0000000 
