23
B._apis_BBC0122_NZ_CP015625                 0.0000000 2.8879473 4.8194303 4.4853542 5.2162690 5.0763746 5.0739650 4.3290847 6.1974304 6.0458220 6.3696216 6.0458220 6.2081203 6.3802400 6.4126274 6.2679640 6.2407803 6.4855987 5.9398205 6.7129304 4.8691647 5.3963112 3.4921496 
B._tamiae_Th239_NZ_JH725147                 2.8879473 0.0000000 3.7326096 2.8572304 3.3258783 3.1109122 2.9946134 2.7618550 3.1979113 3.1369171 3.3154811 3.1369171 3.2845820 3.2999678 3.3533816 3.2825692 3.4171537 3.3847972 3.6019290 3.2895743 3.7867993 4.0229030 4.3711349 
B._sp._Eidolon.helvum_E1-105_HM363770       4.8194303 3.7326096 0.0000000 0.3128384 0.2659206 0.6778870 0.5290656 0.7133073 1.3394535 1.2999571 1.3394535 1.2999571 1.3823878 1.3988184 1.4016407 1.3500697 1.3765586 1.6712717 1.2851594 1.2372708 1.1530283 1.7826844 4.9191104 
B._sp._Eidolon.helvum_E2-114_HM363771       4.4853542 2.8572304 0.3128384 0.0000000 0.1793893 0.5797458 0.6291051 0.6535222 1.3672667 1.3329871 1.4343139 1.3329871 1.4137132 1.4276728 1.4303064 1.4240692 1.3249097 1.5100062 1.2694559 1.3564612 1.2609174 1.5954684 4.5498237 
B._sp._Eidolon.helvum_E5_B40014_KJ999689    5.2162690 3.3258783 0.2659206 0.1793893 0.0000000 0.4944544 0.6167911 0.6572916 1.3411356 1.3026122 1.4173267 1.3026122 1.3937412 1.4098627 1.4993473 1.4057882 1.3155117 1.5282781 1.2527245 1.3541394 1.1705049 1.5230629 4.5391174 
B._sp._Eidolon.helvum_Ew-111_HM363773       5.0763746 3.1109122 0.6778870 0.5797458 0.4944544 0.0000000 0.7588459 0.7152587 1.3009875 1.2697299 1.3507029 1.2697299 1.3430971 1.3563774 1.4048087 1.3315600 1.3131818 1.4920067 1.2595748 1.2764486 1.1813737 1.8724304 4.2963069 
B._sp._Eidolon.helvum_E4_B39301_KJ999687    5.0739650 2.9946134 0.5290656 0.6291051 0.6167911 0.7588459 0.0000000 0.6999853 1.3070560 1.2746956 1.3586779 1.2746956 1.3391748 1.3644434 1.4029827 1.3496744 1.4088247 1.4915658 1.2874995 1.3149443 1.0377814 1.2210502 4.9998321 
B._sp._Eidolon.helvum_E3-106_HM363772       4.3290847 2.7618550 0.7133073 0.6535222 0.6572916 0.7152587 0.6999853 0.0000000 1.3981482 1.3638605 1.4651824 1.3638605 1.4332344 1.4583494 1.4378066 1.4546869 1.3560281 1.5083663 1.6421590 1.4112411 1.4887877 1.8536929 4.7080457 
B._sp._Eidolon.helvum_Eh6-0110-R117         6.1974304 3.1979113 1.3394535 1.3672667 1.3411356 1.3009875 1.3070560 1.3981482 0.0000000 0.0000010 0.0000010 0.0000010 0.0000010 0.0030381 0.0031342 0.0030510 0.0065200 0.0000010 0.0217072 0.0201093 1.6687237 2.5790303 5.2750195 
B._sp._Eidolon.helvum_Eh6-0510-A110         6.0458220 3.1369171 1.2999571 1.3329871 1.3026122 1.2697299 1.2746956 1.3638605 0.0000010 0.0000000 0.0000010 0.0000010 0.0000010 0.0030265 0.0031342 0.0030510 0.0065200 0.0000010 0.0217072 0.0237342 1.6687237 2.5110089 5.1918095 
B._sp._Eidolon.helvum_Eh6-1109-Q135         6.3696216 3.3154811 1.3394535 1.4343139 1.4173267 1.3507029 1.3586779 1.4651824 0.0000010 0.0000010 0.0000000 0.0000010 0.0000010 0.0030985 0.0031342 0.0000010 0.0065683 0.0000010 0.0217072 0.0201093 1.7401112 2.7103754 5.3796374 
B._sp._Eidolon.helvum_Eh6-0510-A106         6.0458220 3.1369171 1.2999571 1.3329871 1.3026122 1.2697299 1.2746956 1.3638605 0.0000010 0.0000010 0.0000010 0.0000000 0.0000010 0.0030265 0.0031342 0.0030510 0.0065200 0.0000010 0.0217072 0.0237342 1.6687237 2.5110089 5.1918095 
B._sp._Eidolon.helvum_Eh6-170112-D086       6.2081203 3.2845820 1.3823878 1.4137132 1.3937412 1.3430971 1.3391748 1.4332344 0.0000010 0.0000010 0.0000010 0.0000010 0.0000000 0.0000010 0.0031342 0.0030751 0.0065200 0.0000010 0.0217072 0.0203434 1.7155229 2.6748865 5.2734551 
B._sp._Eidolon.helvum_Eh6-170112-D094       6.3802400 3.2999678 1.3988184 1.4276728 1.4098627 1.3563774 1.3644434 1.4583494 0.0030381 0.0030265 0.0030985 0.0030265 0.0000010 0.0000000 0.0031342 0.0061940 0.0065200 0.0000010 0.0217072 0.0275970 1.7407638 2.6923389 5.3798630 
B._sp._Eidolon.helvum_Eh6-1109-Q131         6.4126274 3.3533816 1.4016407 1.4303064 1.4993473 1.4048087 1.4029827 1.4378066 0.0031342 0.0031342 0.0031342 0.0031342 0.0031342 0.0031342 0.0000000 0.0031342 0.0099367 0.0035010 0.0255664 0.0241515 1.8279020 2.7370269 5.4805964 
B._sp._Eidolon.helvum_Eh6-0110-R70          6.2679640 3.2825692 1.3500697 1.4240692 1.4057882 1.3315600 1.3496744 1.4546869 0.0030510 0.0030510 0.0000010 0.0030510 0.0030751 0.0061940 0.0031342 0.0000000 0.0065200 0.0034566 0.0217072 0.0201676 1.7247129 2.6748860 5.3260774 
B._sp._Eidolon.helvum_Eh6-0110-R12          6.2407803 3.4171537 1.3765586 1.3249097 1.3155117 1.3131818 1.4088247 1.3560281 0.0065200 0.0065200 0.0065683 0.0065200 0.0065200 0.0065200 0.0099367 0.0065200 0.0000000 0.0070749 0.0298165 0.0290768 1.9144490 2.4822577 5.5552112 
B._sp._Eidolon.helvum_Eh6-170112-D053       6.4855987 3.3847972 1.6712717 1.5100062 1.5282781 1.4920067 1.4915658 1.5083663 0.0000010 0.0000010 0.0000010 0.0000010 0.0000010 0.0000010 0.0035010 0.0034566 0.0070749 0.0000000 0.0227683 0.0231632 1.9435628 2.8487399 5.7612562 
B._sp._Eidolon.helvum_Eh6-0110-R4           5.9398205 3.6019290 1.2851594 1.2694559 1.2527245 1.2595748 1.2874995 1.6421590 0.0217072 0.0217072 0.0217072 0.0217072 0.0217072 0.0217072 0.0255664 0.0217072 0.0298165 0.0227683 0.0000000 0.0390763 1.7047713 2.5953146 5.3742940 
B._sp._Eidolon.helvum_Eh6-0110-R35          6.7129304 3.2895743 1.2372708 1.3564612 1.3541394 1.2764486 1.3149443 1.4112411 0.0201093 0.0237342 0.0201093 0.0237342 0.0203434 0.0275970 0.0241515 0.0201676 0.0290768 0.0231632 0.0390763 0.0000000 1.6351218 3.0282589 5.6006543 
B._sp._Eidolon.helvum_Eh7-0110-R89          4.8691647 3.7867993 1.1530283 1.2609174 1.1705049 1.1813737 1.0377814 1.4887877 1.6687237 1.6687237 1.7401112 1.6687237 1.7155229 1.7407638 1.8279020 1.7247129 1.9144490 1.9435628 1.7047713 1.6351218 0.0000000 1.8964192 3.9764337 
B._sp._Eidolon.helvum_Eh7-0110-R16          5.3963112 4.0229030 1.7826844 1.5954684 1.5230629 1.8724304 1.2210502 1.8536929 2.5790303 2.5110089 2.7103754 2.5110089 2.6748865 2.6923389 2.7370269 2.6748860 2.4822577 2.8487399 2.5953146 3.0282589 1.8964192 0.0000000 5.1152700 
Brucella_abortus_Biovar-3_Tulya_NZ_DS999886 3.4921496 4.3711349 4.9191104 4.5498237 4.5391174 4.2963069 4.9998321 4.7080457 5.2750195 5.1918095 5.3796374 5.1918095 5.2734551 5.3798630 5.4805964 5.3260774 5.5552112 5.7612562 5.3742940 5.6006543 3.9764337 5.1152700 0.0000000 
