15
B._apis_BBC0122_NZ_CP015625                  0.0000000 0.2605736 0.7626304 1.4291401 1.5476528 0.5832755 0.6898323 2.5490866 1.1789635 1.1091350 1.0143613 1.0407345 1.3269232 2.1731890 1.5819009 
B._tamiae_Th239_DQ395180                     0.2605736 0.0000000 1.2000538 1.2547662 1.2175628 0.9518911 1.1260791 5.3825328 1.5427943 1.4219137 1.2566116 1.2071705 1.2566116 1.7072551 1.3898439 
B._sp._Eidolon.helvum_E1-105_MF288105        0.7626304 1.2000538 0.0000000 0.4744113 0.4634264 0.3624383 0.5369383 1.0911776 0.7780604 0.7652648 0.7838757 0.7931221 0.8920131 0.9301364 1.7051873 
B._sp._Eidolon.helvum_E2-114_MF288106        1.4291401 1.2547662 0.4744113 0.0000000 0.1757368 0.4430883 0.7446272 1.3780159 0.7902766 0.7531873 0.7705170 0.7444120 0.7444120 0.9458898 1.6189656 
B._sp._Eidolon.helvum_E5_B40014_KM233479     1.5476528 1.2175628 0.4634264 0.1757368 0.0000000 0.3974799 0.7601486 1.4758068 0.8955136 0.8569570 0.8829656 0.8187546 0.8187546 0.9235425 2.1457761 
B._sp._Eidolon.helvum_E3-106_MF288107        0.5832755 0.9518911 0.3624383 0.4430883 0.3974799 0.0000000 0.5503371 0.9197524 0.6597755 0.6383936 0.6129724 0.6172033 0.7054143 0.7764501 1.5295719 
B._sp._Eidolon.helvum_E4_B39301_MF288109     0.6898323 1.1260791 0.5369383 0.7446272 0.7601486 0.5503371 0.0000000 1.3038021 0.7913198 0.7568926 0.7815143 0.7938342 0.9325368 0.9656849 2.5182917 
B._sp._Eidolon.helvum_Eh6-0110-R12_MN249715  2.5490866 5.3825328 1.0911776 1.3780159 1.4758068 0.9197524 1.3038021 0.0000000 0.0000010 0.0000010 0.0048558 0.0000010 0.0000010 3.5893563 9.0000000 
B._sp._Eidolon.helvum_Eh6-0710-A106_MN249716 1.1789635 1.5427943 0.7780604 0.7902766 0.8955136 0.6597755 0.7913198 0.0000010 0.0000000 0.0000010 0.0042173 0.0000010 0.0000010 1.7180856 4.4777486 
B._sp._Eidolon.helvum_Eh6-0910-A106_MN249717 1.1091350 1.4219137 0.7652648 0.7531873 0.8569570 0.6383936 0.7568926 0.0000010 0.0000010 0.0000000 0.0041418 0.0000010 0.0000010 1.6161371 4.0415497 
B._sp._Eidolon.helvum_Eh6-1109-Q131_MN249718 1.0143613 1.2566116 0.7838757 0.7705170 0.8829656 0.6129724 0.7815143 0.0048558 0.0042173 0.0041418 0.0000000 0.0040692 0.0086344 1.5816415 3.2749610 
B._sp._Eidolon.helvum_Eh6-1109-Q135_MN249719 1.0407345 1.2071705 0.7931221 0.7444120 0.8187546 0.6172033 0.7938342 0.0000010 0.0000010 0.0000010 0.0040692 0.0000000 0.0042893 1.5333211 3.5662702 
B._sp._Eidolon.helvum_Eh6-1110-A106_MN249720 1.3269232 1.2566116 0.8920131 0.7444120 0.8187546 0.7054143 0.9325368 0.0000010 0.0000010 0.0000010 0.0086344 0.0042893 0.0000000 1.6857126 3.4912236 
B._sp._Eidolon.helvum_Ew-111_MF288108        2.1731890 1.7072551 0.9301364 0.9458898 0.9235425 0.7764501 0.9656849 3.5893563 1.7180856 1.6161371 1.5816415 1.5333211 1.6857126 0.0000000 1.7360957 
Brucella_abortus_Biovar-3_Tulya_X95889       1.5819009 1.3898439 1.7051873 1.6189656 2.1457761 1.5295719 2.5182917 9.0000000 4.4777486 4.0415497 3.2749610 3.5662702 3.4912236 1.7360957 0.0000000 
