15
B._apis_BBC0122_NZ_CP015625                  0.0000000 0.2615583 0.7690271 1.4556152 1.5920508 0.5874940 0.6948080 2.6822776 1.2002300 1.1271490 1.0290363 1.0559567 1.3568236 2.2342328 1.6027124 
B._tamiae_Th239_DQ395180                     0.2615583 0.0000000 1.2228612 1.2722854 1.2447223 0.9693601 1.1416688 5.7960001 1.5789410 1.4516643 1.2799991 1.2278098 1.2799991 1.7281097 1.4185377 
B._sp._Eidolon.helvum_E1-105_MF288105        0.7690271 1.2228612 0.0000000 0.4779556 0.4661650 0.3646449 0.5395102 1.1214466 0.7912656 0.7779382 0.7973485 0.8069110 0.9104376 0.9390784 1.7292572 
B._sp._Eidolon.helvum_E2-114_MF288106        1.4556152 1.2722854 0.4779556 0.0000000 0.1759913 0.4452283 0.7509374 1.4131302 0.7998911 0.7617548 0.7796522 0.7527440 0.7527440 0.9625644 1.6640273 
B._sp._Eidolon.helvum_E5_B40014_KM233479     1.5920508 1.2447223 0.4661650 0.1759913 0.0000000 0.4000002 0.7665699 1.5195459 0.9093925 0.8694415 0.8964931 0.8308486 0.8308486 0.9354354 2.2147135 
B._sp._Eidolon.helvum_E3-106_MF288107        0.5874940 0.9693601 0.3646449 0.4452283 0.4000002 0.0000000 0.5529980 0.9328233 0.6653711 0.6435329 0.6176541 0.6218862 0.7120423 0.7857347 1.5620830 
B._sp._Eidolon.helvum_E4_B39301_MF288109     0.6948080 1.1416688 0.5395102 0.7509374 0.7665699 0.5529980 0.0000000 1.3197170 0.7966995 0.7617290 0.7868820 0.7991247 0.9401837 0.9769104 2.5940670 
B._sp._Eidolon.helvum_Eh6-0110-R12_MN249715  2.6822776 5.7960001 1.1214466 1.4131302 1.5195459 0.9328233 1.3197170 0.0000000 0.0000010 0.0000010 0.0048609 0.0000010 0.0000010 3.8226050 9.0000000 
B._sp._Eidolon.helvum_Eh6-0710-A106_MN249716 1.2002300 1.5789410 0.7912656 0.7998911 0.9093925 0.6653711 0.7966995 0.0000010 0.0000000 0.0000010 0.0042204 0.0000010 0.0000010 1.7697787 4.6530607 
B._sp._Eidolon.helvum_Eh6-0910-A106_MN249717 1.1271490 1.4516643 0.7779382 0.7617548 0.8694415 0.6435329 0.7617290 0.0000010 0.0000010 0.0000000 0.0041447 0.0000010 0.0000010 1.6605192 4.1934259 
B._sp._Eidolon.helvum_Eh6-1109-Q131_MN249718 1.0290363 1.2799991 0.7973485 0.7796522 0.8964931 0.6176541 0.7868820 0.0048609 0.0042204 0.0041447 0.0000000 0.0040718 0.0086408 1.6249706 3.3898926 
B._sp._Eidolon.helvum_Eh6-1109-Q135_MN249719 1.0559567 1.2278098 0.8069110 0.7527440 0.8308486 0.6218862 0.7991247 0.0000010 0.0000010 0.0000010 0.0040718 0.0000000 0.0042921 1.5725136 3.6943643 
B._sp._Eidolon.helvum_Eh6-1110-A106_MN249720 1.3568236 1.2799991 0.9104376 0.7527440 0.8308486 0.7120423 0.9401837 0.0000010 0.0000010 0.0000010 0.0086408 0.0042921 0.0000000 1.7352644 3.6580794 
B._sp._Eidolon.helvum_Ew-111_MF288108        2.2342328 1.7281097 0.9390784 0.9625644 0.9354354 0.7857347 0.9769104 3.8226050 1.7697787 1.6605192 1.6249706 1.5725136 1.7352644 0.0000000 1.7798296 
Brucella_abortus_Biovar-3_Tulya_X95889       1.6027124 1.4185377 1.7292572 1.6640273 2.2147135 1.5620830 2.5940670 9.0000000 4.6530607 4.1934259 3.3898926 3.6943643 3.6580794 1.7798296 0.0000000 
