62
B._apis_BBC0122_NZ_CP015625                   0.0000000 0.7740160 0.7377858 0.7092565 0.8359877 0.8359877 0.8369864 0.8493282 0.8304916 0.8243463 0.8549696 0.8420581 0.6896850 0.6456145 0.6672278 0.7535320 0.8252777 0.6719180 0.6532428 0.8702112 0.7819023 0.7587734 0.8966857 0.7067991 0.7819580 0.7528465 0.6803455 0.7067991 0.6803455 0.6612988 0.7213810 0.8085412 0.7224457 0.7282807 0.7224457 0.8297780 0.8242787 0.8687740 0.7774726 1.1072894 3.3542427 1.2112478 1.1152059 1.1152059 1.1323937 1.1224908 1.1224908 1.1436672 1.1260257 1.1260257 1.0521610 1.0368649 1.0368649 1.0596540 1.0284413 1.0194842 1.0625396 1.2058186 1.0171557 0.9925538 0.9866285 1.0811210 
B._tamiae_Th239_NZ_JH725147                   0.7740160 0.0000000 0.8553183 0.6929151 1.0282139 1.0282139 0.9410010 1.0430335 1.0430335 1.0430335 1.0294836 0.9937338 0.8038994 0.6957914 0.8591893 0.8764039 1.0660135 0.7133387 0.6429626 0.9544117 0.8818184 0.8887058 1.0146486 0.7616682 0.8414617 0.8358874 0.7320649 0.7616682 0.7320649 0.7693975 0.8096540 0.8293646 0.7467770 0.7531942 0.7467770 0.7589892 0.8883141 0.8456688 0.7592050 1.3708020 4.2963359 1.9772782 1.7051677 1.7051677 1.6728532 1.7503785 1.7503785 1.8533248 1.8880127 1.8880127 1.3822219 1.4097049 1.4097049 1.3938235 1.4316782 1.3839375 1.3582854 1.9214793 1.5368760 1.4964141 1.4813581 0.9462166 
B._sp._Cyclopodia.greefi_Cg_23_Q22-1_JN172038 0.7377858 0.8553183 0.0000000 0.0091575 0.2796130 0.2796130 0.2796130 0.2715253 0.2715253 0.2888878 0.2906746 0.3254374 0.2503225 0.2397971 0.2397971 0.3845840 0.4093908 0.3168457 0.3168457 0.4423284 0.4423284 0.5384922 0.5740596 0.5099690 0.5099690 0.5028308 0.5099690 0.5099690 0.5099690 0.5099690 0.4965295 0.4997290 0.4965295 0.4965295 0.4965295 0.5339887 0.5383407 0.4119166 0.4093502 0.7732081 2.0754210 1.0056971 0.9518677 0.9518677 0.9518677 0.9920761 0.9920761 0.9735657 0.9735657 0.9735657 0.9450354 0.9450354 0.9450354 0.9450354 0.9450354 0.9450354 0.9424448 1.1337514 0.9145795 0.8904605 0.8573712 1.7749056 
B._sp._Eidolon.helvum_E1-105_HM363765         0.7092565 0.6929151 0.0091575 0.0000000 0.2502383 0.2502383 0.2569378 0.2424715 0.2424715 0.2591010 0.2606618 0.2932401 0.2245610 0.2163787 0.2147323 0.3492330 0.3606975 0.2853560 0.3020796 0.4038625 0.3638752 0.5235095 0.5539044 0.4606638 0.4959957 0.4889016 0.4630673 0.4606638 0.4630673 0.4470172 0.4447746 0.4859512 0.4499774 0.4499774 0.4499774 0.4904019 0.5233660 0.3885664 0.3453158 0.7129752 2.0754210 0.9223858 0.8594871 0.8594871 0.8594871 0.9003936 0.9003936 0.8863591 0.8863591 0.8863591 0.8226331 0.8226331 0.8226331 0.8278458 0.8411000 0.8460133 0.7740112 1.1510176 0.8829405 0.8758152 0.8419543 1.4419283 
B._sp._Cyclopodia.greefi_Cg_303-1_JN172055    0.8359877 1.0282139 0.2796130 0.2502383 0.0000000 0.0000010 0.0000010 0.0046430 0.0094178 0.0141451 0.0141750 0.0347303 0.1833505 0.1744779 0.1250437 0.4543838 0.5189747 0.4026537 0.4026537 0.4436616 0.4436616 0.6096352 0.6335166 0.5768762 0.5768762 0.5848009 0.5768762 0.5768762 0.5768762 0.5768762 0.5620726 0.5659835 0.5620726 0.5620726 0.5620726 0.6212780 0.6094433 0.4730530 0.4697553 0.8121202 1.6485427 0.9321536 0.8458677 0.8458677 0.8458677 0.8222656 0.8222656 0.8299514 0.8299514 0.8299514 0.9772071 0.9772071 0.9772071 0.9772071 0.9772071 0.9772071 0.9511671 1.2415447 0.9601872 0.9320476 0.8954003 2.3234375 
B._sp._Cyclopodia.greefi_Cg_Q100-2_JN172040   0.8359877 1.0282139 0.2796130 0.2502383 0.0000010 0.0000000 0.0000010 0.0046430 0.0094178 0.0141451 0.0141750 0.0347303 0.1833505 0.1744779 0.1250437 0.4543838 0.5189747 0.4026537 0.4026537 0.4436616 0.4436616 0.6096352 0.6335166 0.5768762 0.5768762 0.5848009 0.5768762 0.5768762 0.5768762 0.5768762 0.5620726 0.5659835 0.5620726 0.5620726 0.5620726 0.6212780 0.6094433 0.4730530 0.4697553 0.8121202 1.6485427 0.9321536 0.8458677 0.8458677 0.8458677 0.8222656 0.8222656 0.8299514 0.8299514 0.8299514 0.9772071 0.9772071 0.9772071 0.9772071 0.9772071 0.9772071 0.9511671 1.2415447 0.9601872 0.9320476 0.8954003 2.3234375 
B._sp._Eidolon.helvum_E5_B40014_KM030520      0.8369864 0.9410010 0.2796130 0.2569378 0.0000010 0.0000010 0.0000000 0.0046430 0.0094178 0.0141451 0.0141750 0.0347303 0.1833505 0.1619000 0.1250437 0.4543838 0.5189747 0.4026537 0.3807955 0.4436616 0.4075430 0.6096352 0.6335166 0.5341370 0.5768762 0.5848009 0.5372260 0.5341370 0.5372260 0.5482449 0.5402516 0.5659835 0.5220013 0.5263637 0.5220013 0.5721490 0.6094433 0.4907768 0.4273223 0.8121202 1.6485427 0.8301899 0.7661738 0.7661738 0.7492491 0.7562366 0.7562366 0.7459024 0.7628761 0.7628761 0.8782192 0.8970296 0.8970296 0.8840450 0.9192791 0.9226871 0.8506075 1.1928366 0.9085523 0.9078637 0.8643980 1.9540783 
B._sp._Cyclopodia.greefi_Cg_GG243-3_JN172048  0.8493282 1.0430335 0.2715253 0.2424715 0.0046430 0.0046430 0.0046430 0.0000000 0.0046826 0.0093798 0.0093986 0.0296104 0.1766426 0.1678566 0.1186788 0.4448131 0.5189747 0.3932840 0.3932840 0.4342695 0.4342695 0.5995792 0.6335166 0.5670767 0.5670767 0.5748734 0.5670767 0.5670767 0.5670767 0.5670767 0.5523050 0.5561511 0.5523050 0.5523050 0.5523050 0.6106434 0.5993914 0.4631812 0.4599493 0.8008060 1.6485427 0.9194218 0.8580021 0.8580021 0.8580021 0.8344044 0.8344044 0.8182256 0.8182256 0.8182256 0.9905775 0.9905775 0.9905775 0.9905775 0.9905775 0.9905775 0.9640277 1.2254216 0.9479271 0.9201106 0.8837867 2.3525979 
B._sp._Cyclopodia.greefi_Cg_443_JN172068      0.8304916 1.0430335 0.2715253 0.2424715 0.0094178 0.0094178 0.0094178 0.0046826 0.0000000 0.0142700 0.0143004 0.0243672 0.1683406 0.1597384 0.1265638 0.4448131 0.5189747 0.3932840 0.3932840 0.4342695 0.4342695 0.5995792 0.6335166 0.5670767 0.5670767 0.5748734 0.5670767 0.5670767 0.5670767 0.5670767 0.5523050 0.5561511 0.5523050 0.5523050 0.5523050 0.6106434 0.5993914 0.4631812 0.4599493 0.8008060 1.6485427 0.9194218 0.8580021 0.8580021 0.8580021 0.8344044 0.8344044 0.8182256 0.8182256 0.8182256 0.9905775 0.9905775 0.9905775 0.9905775 0.9905775 0.9905775 0.9640277 1.2254216 0.9479271 0.9201106 0.8837867 2.3525979 
B._sp._Cyclopodia.greefi_Cg_424_JN172064      0.8243463 1.0430335 0.2888878 0.2591010 0.0141451 0.0141451 0.0141451 0.0093798 0.0142700 0.0000000 0.0093986 0.0400867 0.1908814 0.1818921 0.1320470 0.4448131 0.5323180 0.4135394 0.4135394 0.4342695 0.4342695 0.6213321 0.6463558 0.5882871 0.5882871 0.5963587 0.5882871 0.5882871 0.5882871 0.5882871 0.5734496 0.5774352 0.5734496 0.5734496 0.5734496 0.6336416 0.6211353 0.4845553 0.4811801 0.7781234 1.5982372 0.8933532 0.8341284 0.8341284 0.8341284 0.8104193 0.8104193 0.7946371 0.7946371 0.7946371 0.9648316 0.9648316 0.9648316 0.9648316 0.9648316 0.9648316 0.9391630 1.1908272 0.9226897 0.8956558 0.8601449 2.3394085 
B._sp._Cyclopodia.greefi_Cg_436-3_JN172061    0.8549696 1.0294836 0.2906746 0.2606618 0.0141750 0.0141750 0.0141750 0.0093986 0.0143004 0.0093986 0.0000000 0.0401963 0.1918713 0.1828185 0.1326578 0.4476785 0.5524080 0.4162201 0.4162201 0.4370403 0.4370403 0.6250634 0.6662669 0.5917854 0.5917854 0.5999367 0.5917854 0.5917854 0.5917854 0.5917854 0.5768762 0.5809009 0.5768762 0.5768762 0.5768762 0.6376455 0.6248642 0.4876686 0.4842594 0.8075432 1.5982372 0.9271273 0.8650665 0.8650665 0.8650665 0.8415099 0.8415099 0.8252208 0.8252208 0.8252208 0.9981936 0.9981936 0.9981936 0.9981936 0.9981936 0.9981936 0.9713772 1.2358092 0.9553845 0.9273355 0.8907735 2.3669230 
B._sp._Cyclopodia.greefi_Cg_G38-2_JN172044    0.8420581 0.9937338 0.3254374 0.2932401 0.0347303 0.0347303 0.0347303 0.0296104 0.0243672 0.0400867 0.0401963 0.0000000 0.1799505 0.1709214 0.1365802 0.4629129 0.5491398 0.4394265 0.4394265 0.4518164 0.4518164 0.6599214 0.6917639 0.6248642 0.6248642 0.6336807 0.6248642 0.6248642 0.6248642 0.6248642 0.6094433 0.6137998 0.6094433 0.6094433 0.6094433 0.6749223 0.6597010 0.4822441 0.4788160 0.8950196 1.7398165 1.0310654 0.9585858 0.9585858 0.9585858 0.9348997 0.9348997 0.9166124 0.9166124 0.9166124 1.1022673 1.1022673 1.1022673 1.1022673 1.1022673 1.1022673 1.0711894 1.2856124 1.0075922 0.9771636 0.9379775 2.2709802 
B._sp._Cyclopodia.greefi_Cg_426-1_JN172062    0.6896850 0.8038994 0.2503225 0.2245610 0.1833505 0.1833505 0.1833505 0.1766426 0.1683406 0.1908814 0.1918713 0.1799505 0.0000000 0.0045610 0.0597393 0.3124639 0.3889075 0.3149558 0.3149558 0.3667925 0.3667925 0.4040464 0.4667939 0.3806545 0.3806545 0.3852447 0.3806545 0.3806545 0.3806545 0.3806545 0.3685230 0.3707781 0.3685230 0.3685230 0.3685230 0.4037677 0.4039325 0.4059582 0.4032171 0.6861167 1.6145844 0.7869818 0.7400683 0.7400683 0.7400683 0.7347050 0.7347050 0.7211301 0.7211301 0.7211301 0.8160766 0.8160766 0.8160766 0.8160766 0.8160766 0.8160766 0.7820284 0.9425843 0.7362357 0.7179187 0.6897235 1.8801770 
B._sp._Eidolon.helvum_E2-114_HM363766         0.6456145 0.6957914 0.2397971 0.2163787 0.1744779 0.1744779 0.1619000 0.1678566 0.1597384 0.1818921 0.1828185 0.1709214 0.0045610 0.0000000 0.0539824 0.3240046 0.3889075 0.3026465 0.3006064 0.3786305 0.3527452 0.4167340 0.4667939 0.3849237 0.3928971 0.3976508 0.3869285 0.3849237 0.3869285 0.3699672 0.3638956 0.3829912 0.3745891 0.3745891 0.3745891 0.4150564 0.4166183 0.4064465 0.3353085 0.7030280 1.6145844 0.7903586 0.7198339 0.7198339 0.7198339 0.7240600 0.7240600 0.7127777 0.7127777 0.7127777 0.8283646 0.8283646 0.8283646 0.8338045 0.8054225 0.8526767 0.7074100 1.0528337 0.7657870 0.7593257 0.7287853 1.4673343 
B._sp._Cyclopodia.greefi_Cg_K8-1_JN172037     0.6672278 0.8591893 0.2397971 0.2147323 0.1250437 0.1250437 0.1250437 0.1186788 0.1265638 0.1320470 0.1326578 0.1365802 0.0597393 0.0539824 0.0000000 0.2956955 0.3656989 0.2717190 0.2717190 0.3493543 0.3493543 0.4328120 0.4865755 0.4083884 0.4083884 0.4133579 0.4083884 0.4083884 0.4083884 0.4083884 0.3959972 0.3984404 0.3959972 0.3959972 0.3959972 0.4339904 0.4326934 0.3336746 0.3314462 0.7245123 1.7005662 0.7839929 0.7375100 0.7375100 0.7375100 0.7321393 0.7321393 0.7186646 0.7186646 0.7186646 0.8608682 0.8608682 0.8608682 0.8608682 0.8608682 0.8608682 0.7997823 0.9681188 0.7561418 0.7372054 0.7065436 1.8713732 
B._sp._Cyclopodia.greefi_Cg_366-1_JN172052    0.7535320 0.8764039 0.3845840 0.3492330 0.4543838 0.4543838 0.4543838 0.4448131 0.4448131 0.4448131 0.4476785 0.4629129 0.3124639 0.3240046 0.2956955 0.0000000 0.1246762 0.1220357 0.1220357 0.1116702 0.1116702 0.3908444 0.4413025 0.3671783 0.3671783 0.3717353 0.3671783 0.3671783 0.3671783 0.3671783 0.3547711 0.3570076 0.3547711 0.3547711 0.3547711 0.3898763 0.3907283 0.5056471 0.5022400 0.6422816 1.8475995 0.7096175 0.6817704 0.6817704 0.6817704 0.6758632 0.6758632 0.6188695 0.6188695 0.6188695 0.7111647 0.7111647 0.7111647 0.7111647 0.7111647 0.7111647 0.7980859 0.8984614 0.7255175 0.7023768 0.7133067 1.5466198 
B._sp._Cyclopodia.greefi_Cg_G31-1_JN172043    0.8252777 1.0660135 0.4093908 0.3606975 0.5189747 0.5189747 0.5189747 0.5189747 0.5189747 0.5323180 0.5524080 0.5491398 0.3889075 0.3889075 0.3656989 0.1246762 0.0000000 0.0000010 0.0000010 0.3433384 0.3433384 0.4162508 0.4162508 0.4162508 0.4162508 0.4162508 0.4162508 0.4162508 0.4162508 0.4162508 0.3986227 0.3986227 0.3986227 0.3986227 0.3986227 0.4388788 0.4514293 0.5292442 0.5292442 0.8269959 1.6654883 0.8775999 0.7793616 0.7793616 0.7793616 0.7727122 0.7727122 0.7621176 0.7621176 0.7621176 0.8148711 0.8148711 0.8148711 0.8148711 0.8148711 0.8148711 0.8323185 0.9739151 0.7727340 0.7972267 0.7551009 2.3238163 
B._sp._Cyclopodia.greefi_Cg_K1-2_JN172035     0.6719180 0.7133387 0.3168457 0.2853560 0.4026537 0.4026537 0.4026537 0.3932840 0.3932840 0.4135394 0.4162201 0.4394265 0.3149558 0.3026465 0.2717190 0.1220357 0.0000010 0.0000000 0.0000010 0.3043920 0.3043920 0.3522478 0.3957749 0.3299896 0.3299896 0.3340461 0.3299896 0.3299896 0.3299896 0.3299896 0.3179234 0.3199161 0.3179234 0.3179234 0.3179234 0.3385157 0.3521338 0.4049522 0.4024059 0.5713180 1.6654883 0.7035023 0.6874886 0.6874886 0.6874886 0.6814673 0.6814673 0.6224983 0.6224983 0.6224983 0.7182482 0.7182482 0.7182482 0.7182482 0.7182482 0.7182482 0.7229669 0.7525004 0.6538759 0.6687150 0.6424625 1.4871146 
B._sp._Eidolon.helvum_E4_B39301_KM030516      0.6532428 0.6429626 0.3168457 0.3020796 0.4026537 0.4026537 0.3807955 0.3932840 0.3932840 0.4135394 0.4162201 0.4394265 0.3149558 0.3006064 0.2717190 0.1220357 0.0000010 0.0000010 0.0000000 0.3043920 0.2805358 0.3522478 0.3957749 0.2906422 0.3299896 0.3340461 0.2851717 0.2906422 0.2851717 0.2967094 0.2959820 0.3199161 0.2812531 0.2836718 0.2812531 0.2994906 0.3521338 0.4009826 0.3586570 0.5713180 1.6654883 0.6435268 0.6473962 0.6473962 0.6623871 0.6503736 0.6503736 0.6165806 0.6022385 0.6022385 0.7295101 0.7121242 0.7121242 0.7342043 0.7218088 0.7244706 0.6844610 0.7723745 0.6634820 0.6806992 0.6569440 1.1486962 
B._sp._Cyclopodia.greefi_Cg_Q98-1_JN172039    0.8702112 0.9544117 0.4423284 0.4038625 0.4436616 0.4436616 0.4436616 0.4342695 0.4342695 0.4342695 0.4370403 0.4518164 0.3667925 0.3786305 0.3493543 0.1116702 0.3433384 0.3043920 0.3043920 0.0000000 0.0000010 0.5913081 0.6565418 0.5589594 0.5589594 0.5567125 0.5589594 0.5589594 0.5589594 0.5589594 0.5441883 0.5381308 0.5441883 0.5441883 0.5441883 0.6019161 0.5911233 0.5620130 0.5678917 0.7488790 2.1915186 0.8066670 0.7695577 0.7695577 0.7695577 0.7824411 0.7824411 0.7194419 0.7194419 0.7194419 0.8531920 0.8531920 0.8531920 0.8531920 0.8531920 0.8531920 0.9306115 1.2091249 0.9381670 0.8615892 0.8763155 1.9711734 
B._sp._Eidolon.helvum_Ew-111_HM363768         0.7819023 0.8818184 0.4423284 0.3638752 0.4436616 0.4436616 0.4075430 0.4342695 0.4342695 0.4342695 0.4370403 0.4518164 0.3667925 0.3527452 0.3493543 0.1116702 0.3433384 0.3043920 0.2805358 0.0000010 0.0000000 0.5913081 0.6565418 0.4854037 0.5589594 0.5567125 0.4854037 0.4854037 0.4854037 0.4854037 0.4785995 0.5381308 0.4728102 0.4728102 0.4728102 0.5568785 0.5911233 0.5565147 0.4837887 0.7488790 2.1915186 0.7520613 0.7167913 0.7167913 0.7167913 0.7274620 0.7274620 0.6714185 0.6714185 0.6714185 0.7884922 0.7884922 0.7884922 0.7940783 0.7884922 0.7884922 0.8297073 1.1936926 0.8799497 0.7986492 0.8108140 1.7815893 
B._sp._Cyclopodia.greefi_Cg_371_JN172053      0.7587734 0.8887058 0.5384922 0.5235095 0.6096352 0.6096352 0.6096352 0.5995792 0.5995792 0.6213321 0.6250634 0.6599214 0.4040464 0.4167340 0.4328120 0.3908444 0.4162508 0.3522478 0.3522478 0.5913081 0.5913081 0.0000000 0.0000010 0.0047836 0.0047836 0.0048193 0.0047836 0.0047836 0.0047836 0.0047836 0.0097077 0.0097513 0.0097077 0.0097077 0.0097077 0.0103064 0.0098931 0.5897098 0.5854472 0.6967449 1.4700967 0.7725178 0.7393645 0.7393645 0.7393645 0.6812432 0.6812432 0.6580180 0.6580180 0.6580180 0.6207681 0.6207681 0.6207681 0.6207681 0.6207681 0.6207681 0.6657791 0.8429793 0.6659844 0.6427324 0.6184170 1.6944655 
B._sp._Cyclopodia.greefi_Cg_423-1_JN172058    0.8966857 1.0146486 0.5740596 0.5539044 0.6335166 0.6335166 0.6335166 0.6335166 0.6335166 0.6463558 0.6662669 0.6917639 0.4667939 0.4667939 0.4865755 0.4413025 0.4162508 0.3957749 0.3957749 0.6565418 0.6565418 0.0000010 0.0000000 0.0000010 0.0000010 0.0000010 0.0000010 0.0000010 0.0000010 0.0000010 0.0060960 0.0060960 0.0060960 0.0060960 0.0060960 0.0065752 0.0062439 0.6401672 0.6401672 0.8098266 1.4700967 0.9927740 0.8674572 0.8674572 0.8674572 0.7899174 0.7899174 0.8304454 0.8304454 0.8304454 0.6913450 0.6913450 0.6913450 0.6913450 0.6913450 0.6913450 0.7513102 1.1138220 0.7928444 0.7579285 0.7213617 2.3974379 
B._sp._Eidolon.helvum_Eh7-170112-D085         0.7067991 0.7616682 0.5099690 0.4606638 0.5768762 0.5768762 0.5341370 0.5670767 0.5670767 0.5882871 0.5917854 0.6248642 0.3806545 0.3849237 0.4083884 0.3671783 0.4162508 0.3299896 0.2906422 0.5589594 0.4854037 0.0047836 0.0000010 0.0000000 0.0000010 0.0000010 0.0000010 0.0000010 0.0000010 0.0000010 0.0042284 0.0047099 0.0037702 0.0037976 0.0037702 0.0042134 0.0047768 0.5627728 0.4859568 0.6589878 1.4700967 0.7776897 0.7353006 0.7353006 0.7523030 0.6950454 0.6950454 0.6914399 0.6754239 0.6754239 0.6413554 0.6271142 0.6271142 0.6450940 0.6559627 0.6458545 0.6426295 0.9102542 0.6888683 0.6981197 0.6653091 1.3808898 
B._sp._Cyclopodia.greefi_Cg_374_JN172050      0.7819580 0.8414617 0.5099690 0.4959957 0.5768762 0.5768762 0.5768762 0.5670767 0.5670767 0.5882871 0.5917854 0.6248642 0.3806545 0.3928971 0.4083884 0.3671783 0.4162508 0.3299896 0.3299896 0.5589594 0.5589594 0.0047836 0.0000010 0.0000010 0.0000000 0.0000010 0.0000010 0.0000010 0.0000010 0.0000010 0.0046895 0.0047099 0.0046895 0.0046895 0.0046895 0.0049679 0.0047768 0.5567468 0.5528270 0.6589878 1.4700967 0.8164716 0.7793131 0.7793131 0.7793131 0.7195838 0.7195838 0.6957603 0.6957603 0.6957603 0.6556158 0.6556158 0.6556158 0.6556158 0.6556158 0.6556158 0.7023249 0.8970425 0.7033770 0.6787001 0.6527808 1.7579253 
B._sp._Cyclopodia.greefi_Cg_465-2_JN172067    0.7528465 0.8358874 0.5028308 0.4889016 0.5848009 0.5848009 0.5848009 0.5748734 0.5748734 0.5963587 0.5999367 0.6336807 0.3852447 0.3976508 0.4133579 0.3717353 0.4162508 0.3340461 0.3340461 0.5567125 0.5567125 0.0048193 0.0000010 0.0000010 0.0000010 0.0000000 0.0000010 0.0000010 0.0000010 0.0000010 0.0047238 0.0047238 0.0047238 0.0047238 0.0047238 0.0050064 0.0048123 0.5605486 0.5605486 0.6589878 1.4700967 0.7848924 0.7502446 0.7502446 0.7502446 0.6910158 0.6910158 0.6673555 0.6673555 0.6673555 0.6193028 0.6193028 0.6193028 0.6193028 0.6193028 0.6193028 0.6753177 0.8450850 0.6651082 0.6415512 0.6169375 1.7465472 
B._sp._Cyclopodia.greefi_Eh7-0310-A131        0.6803455 0.7320649 0.5099690 0.4630673 0.5768762 0.5768762 0.5372260 0.5670767 0.5670767 0.5882871 0.5917854 0.6248642 0.3806545 0.3869285 0.4083884 0.3671783 0.4162508 0.3299896 0.2851717 0.5589594 0.4854037 0.0047836 0.0000010 0.0000010 0.0000010 0.0000010 0.0000000 0.0000010 0.0000010 0.0000010 0.0042284 0.0047099 0.0037834 0.0038110 0.0037834 0.0042299 0.0047768 0.5627728 0.4887009 0.6589878 1.4700967 0.7831899 0.7399645 0.7399645 0.7571558 0.6994726 0.6994726 0.6959250 0.6797328 0.6797328 0.6452726 0.6308825 0.6308825 0.6490555 0.6559627 0.6458545 0.6426295 0.9179904 0.6932643 0.6981197 0.6694739 1.3804305 
B._sp._Eidolon.helvum_Eh7-170112-D048         0.7067991 0.7616682 0.5099690 0.4606638 0.5768762 0.5768762 0.5341370 0.5670767 0.5670767 0.5882871 0.5917854 0.6248642 0.3806545 0.3849237 0.4083884 0.3671783 0.4162508 0.3299896 0.2906422 0.5589594 0.4854037 0.0047836 0.0000010 0.0000010 0.0000010 0.0000010 0.0000010 0.0000000 0.0000010 0.0000010 0.0042284 0.0047099 0.0037702 0.0037976 0.0037702 0.0042134 0.0047768 0.5627728 0.4859568 0.6589878 1.4700967 0.7776897 0.7353006 0.7353006 0.7523030 0.6950454 0.6950454 0.6914399 0.6754239 0.6754239 0.6413554 0.6271142 0.6271142 0.6450940 0.6559627 0.6458545 0.6426295 0.9102542 0.6888683 0.6981197 0.6653091 1.3808898 
B._sp._Eidolon.helvum_Eh7-170112-D084         0.6803455 0.7320649 0.5099690 0.4630673 0.5768762 0.5768762 0.5372260 0.5670767 0.5670767 0.5882871 0.5917854 0.6248642 0.3806545 0.3869285 0.4083884 0.3671783 0.4162508 0.3299896 0.2851717 0.5589594 0.4854037 0.0047836 0.0000010 0.0000010 0.0000010 0.0000010 0.0000010 0.0000010 0.0000000 0.0000010 0.0042284 0.0047099 0.0037834 0.0038110 0.0037834 0.0042299 0.0047768 0.5627728 0.4887009 0.6589878 1.4700967 0.7831899 0.7399645 0.7399645 0.7571558 0.6994726 0.6994726 0.6959250 0.6797328 0.6797328 0.6452726 0.6308825 0.6308825 0.6490555 0.6559627 0.6458545 0.6426295 0.9179904 0.6932643 0.6981197 0.6694739 1.3804305 
B._sp._Eidolon.helvum_Eh7-170112-D062         0.6612988 0.7693975 0.5099690 0.4470172 0.5768762 0.5768762 0.5482449 0.5670767 0.5670767 0.5882871 0.5917854 0.6248642 0.3806545 0.3699672 0.4083884 0.3671783 0.4162508 0.3299896 0.2967094 0.5589594 0.4854037 0.0047836 0.0000010 0.0000010 0.0000010 0.0000010 0.0000010 0.0000010 0.0000010 0.0000000 0.0042284 0.0047099 0.0040305 0.0040618 0.0040305 0.0045412 0.0047768 0.5627728 0.4638099 0.6589878 1.4700967 0.7956883 0.7487596 0.7487596 0.7670560 0.6968627 0.6968627 0.6930852 0.6761389 0.6761389 0.6574598 0.6418887 0.6418887 0.6615749 0.6559627 0.6418887 0.6426295 0.9294489 0.6903406 0.6954148 0.6654533 1.4566217 
B._sp._Eidolon.helvum_Eh7-0310-A193           0.7213810 0.8096540 0.4965295 0.4447746 0.5620726 0.5620726 0.5402516 0.5523050 0.5523050 0.5734496 0.5768762 0.6094433 0.3685230 0.3638956 0.3959972 0.3547711 0.3986227 0.3179234 0.2959820 0.5441883 0.4785995 0.0097077 0.0060960 0.0042284 0.0046895 0.0047238 0.0042284 0.0042284 0.0042284 0.0042284 0.0000000 0.0000010 0.0000010 0.0000010 0.0000010 0.0000010 0.0096940 0.5478045 0.4724482 0.6426890 1.4074751 0.7453912 0.7027925 0.7027925 0.7207534 0.6820335 0.6820335 0.6600105 0.6431154 0.6431154 0.6101586 0.5950111 0.5950111 0.6141033 0.5950111 0.5950111 0.6279444 0.8810116 0.6506789 0.6206184 0.5931250 1.6240349 
B._sp._Cyclopodia.greefi_Cg_GG48_JN172046     0.8085412 0.8293646 0.4997290 0.4859512 0.5659835 0.5659835 0.5659835 0.5561511 0.5561511 0.5774352 0.5809009 0.6137998 0.3707781 0.3829912 0.3984404 0.3570076 0.3986227 0.3199161 0.3199161 0.5381308 0.5381308 0.0097513 0.0060960 0.0047099 0.0047099 0.0047238 0.0047099 0.0047099 0.0047099 0.0047099 0.0000010 0.0000000 0.0000010 0.0000010 0.0000010 0.0000010 0.0097374 0.5416989 0.5416989 0.6426890 1.4074751 0.7924197 0.7568606 0.7568606 0.7568606 0.7340867 0.7340867 0.6901483 0.6901483 0.6901483 0.6339017 0.6339017 0.6339017 0.6339017 0.6339017 0.6339017 0.6910221 0.8690281 0.6810157 0.6567357 0.6313198 1.8031770 
B._sp._Eidolon.helvum_Eh7-0110-R79            0.7224457 0.7467770 0.4965295 0.4499774 0.5620726 0.5620726 0.5220013 0.5523050 0.5523050 0.5734496 0.5768762 0.6094433 0.3685230 0.3745891 0.3959972 0.3547711 0.3986227 0.3179234 0.2812531 0.5441883 0.4728102 0.0097077 0.0060960 0.0037702 0.0046895 0.0047238 0.0037834 0.0037702 0.0037834 0.0040305 0.0000010 0.0000010 0.0000000 0.0000010 0.0000010 0.0000010 0.0096940 0.5478045 0.4742924 0.6426890 1.4074751 0.7618059 0.7212086 0.7212086 0.7379046 0.7112031 0.7112031 0.6914399 0.6754239 0.6754239 0.6281367 0.6141598 0.6141598 0.6317898 0.6417043 0.6326988 0.6279444 0.8904718 0.6748725 0.6838911 0.6516696 1.4080354 
B._sp._Eidolon.helvum_Eh7-0310-A153           0.7282807 0.7531942 0.4965295 0.4499774 0.5620726 0.5620726 0.5263637 0.5523050 0.5523050 0.5734496 0.5768762 0.6094433 0.3685230 0.3745891 0.3959972 0.3547711 0.3986227 0.3179234 0.2836718 0.5441883 0.4728102 0.0097077 0.0060960 0.0037976 0.0046895 0.0047238 0.0038110 0.0037976 0.0038110 0.0040618 0.0000010 0.0000010 0.0000010 0.0000000 0.0000010 0.0000010 0.0096940 0.5478045 0.4742924 0.6426890 1.4074751 0.7618059 0.7271810 0.7271810 0.7379046 0.7171895 0.7171895 0.6914399 0.6811849 0.6811849 0.6281367 0.6192298 0.6192298 0.6317898 0.6474111 0.6379260 0.6279444 0.8904718 0.6806168 0.6838911 0.6571709 1.4210325 
B._sp._Eidolon.helvum_Eh7-0510-A193           0.7224457 0.7467770 0.4965295 0.4499774 0.5620726 0.5620726 0.5220013 0.5523050 0.5523050 0.5734496 0.5768762 0.6094433 0.3685230 0.3745891 0.3959972 0.3547711 0.3986227 0.3179234 0.2812531 0.5441883 0.4728102 0.0097077 0.0060960 0.0037702 0.0046895 0.0047238 0.0037834 0.0037702 0.0037834 0.0040305 0.0000010 0.0000010 0.0000010 0.0000010 0.0000000 0.0000010 0.0096940 0.5478045 0.4742924 0.6426890 1.4074751 0.7618059 0.7212086 0.7212086 0.7379046 0.7112031 0.7112031 0.6914399 0.6754239 0.6754239 0.6281367 0.6141598 0.6141598 0.6317898 0.6417043 0.6326988 0.6279444 0.8904718 0.6748725 0.6838911 0.6516696 1.4080354 
B._sp._Eidolon.helvum_Eh7-0110-R16            0.8297780 0.7589892 0.5339887 0.4904019 0.6212780 0.6212780 0.5721490 0.6106434 0.6106434 0.6336416 0.6376455 0.6749223 0.4037677 0.4150564 0.4339904 0.3898763 0.4388788 0.3385157 0.2994906 0.6019161 0.5568785 0.0103064 0.0065752 0.0042134 0.0049679 0.0050064 0.0042299 0.0042134 0.0042299 0.0045412 0.0000010 0.0000010 0.0000010 0.0000010 0.0000010 0.0000000 0.0102910 0.6004685 0.5514265 0.6745197 1.4074751 0.7618059 0.8442655 0.8442655 0.8442655 0.8046927 0.8046927 0.7634113 0.7634113 0.7634113 0.7129195 0.7129195 0.7129195 0.7129195 0.7559196 0.7356312 0.6799299 0.8904718 0.7523980 0.7670868 0.7342101 1.4474127 
B._sp._Cyclopodia.greefi_Cg_401_JN172072      0.8242787 0.8883141 0.5383407 0.5233660 0.6094433 0.6094433 0.6094433 0.5993914 0.5993914 0.6211353 0.6248642 0.6597010 0.4039325 0.4166183 0.4326934 0.3907283 0.4514293 0.3521338 0.3521338 0.5911233 0.5911233 0.0098931 0.0062439 0.0047768 0.0047768 0.0048123 0.0047768 0.0047768 0.0047768 0.0047768 0.0096940 0.0097374 0.0096940 0.0096940 0.0096940 0.0102910 0.0000000 0.5895218 0.5852623 0.6964951 1.4700967 0.8629809 0.8214359 0.8214359 0.8214359 0.7600101 0.7600101 0.7355776 0.7355776 0.7355776 0.6923540 0.6923540 0.6923540 0.6923540 0.6923540 0.6923540 0.7408196 0.9546882 0.7428034 0.7166262 0.6889968 1.8602942 
B._sp._Cyclopodia.greefi_Cg_417-2_JN172063    0.8687740 0.8456688 0.4119166 0.3885664 0.4730530 0.4730530 0.4907768 0.4631812 0.4631812 0.4845553 0.4876686 0.4822441 0.4059582 0.4064465 0.3336746 0.5056471 0.5292442 0.4049522 0.4009826 0.5620130 0.5565147 0.5897098 0.6401672 0.5627728 0.5567468 0.5605486 0.5627728 0.5627728 0.5627728 0.5627728 0.5478045 0.5416989 0.5478045 0.5478045 0.5478045 0.6004685 0.5895218 0.0000000 0.0000010 0.8687979 2.4904121 1.1748523 1.1214189 1.1214189 1.1214189 1.0972543 1.0972543 1.0749941 1.0749941 1.0749941 1.0393857 1.0393857 1.0393857 1.0393857 1.0393857 1.0393857 1.1699265 1.0971824 1.0272864 1.0264600 0.9826971 2.1892811 
B._sp._Eidolon.helvum_E3-106_HM363767         0.7774726 0.7592050 0.4093502 0.3453158 0.4697553 0.4697553 0.4273223 0.4599493 0.4599493 0.4811801 0.4842594 0.4788160 0.4032171 0.3353085 0.3314462 0.5022400 0.5292442 0.4024059 0.3586570 0.5678917 0.4837887 0.5854472 0.6401672 0.4859568 0.5528270 0.5605486 0.4887009 0.4859568 0.4887009 0.4638099 0.4724482 0.5416989 0.4742924 0.4742924 0.4742924 0.5514265 0.5852623 0.0000010 0.0000000 0.8687979 2.4904121 1.0538365 0.9744089 0.9744089 0.9744089 0.9656989 0.9656989 0.9498167 0.9498167 0.9498167 0.9644975 0.9644975 0.9644975 0.9713536 0.9584358 0.9537817 0.9893447 1.1165625 0.9619815 0.9766672 0.9343596 1.6165812 
B._sp._Cyclopodia.greefi_Cg_713-2_JN172066    1.1072894 1.3708020 0.7732081 0.7129752 0.8121202 0.8121202 0.8121202 0.8008060 0.8008060 0.7781234 0.8075432 0.8950196 0.6861167 0.7030280 0.7245123 0.6422816 0.8269959 0.5713180 0.5713180 0.7488790 0.7488790 0.6967449 0.8098266 0.6589878 0.6589878 0.6589878 0.6589878 0.6589878 0.6589878 0.6589878 0.6426890 0.6426890 0.6426890 0.6426890 0.6426890 0.6745197 0.6964951 0.8687979 0.8687979 0.0000000 0.1383345 0.1794666 0.1918003 0.1918003 0.1918003 0.2380141 0.2380141 0.2331212 0.2331212 0.2331212 0.2375208 0.2375208 0.2375208 0.2375208 0.2375208 0.2375208 0.2549967 0.3252277 0.2621866 0.2697552 0.2600994 2.0415484 
B._sp._Eidolon.helvum_Eh6-0310-A147           3.3542427 4.2963359 2.0754210 2.0754210 1.6485427 1.6485427 1.6485427 1.6485427 1.6485427 1.5982372 1.5982372 1.7398165 1.6145844 1.6145844 1.7005662 1.8475995 1.6654883 1.6654883 1.6654883 2.1915186 2.1915186 1.4700967 1.4700967 1.4700967 1.4700967 1.4700967 1.4700967 1.4700967 1.4700967 1.4700967 1.4074751 1.4074751 1.4074751 1.4074751 1.4074751 1.4074751 1.4700967 2.4904121 2.4904121 0.1383345 0.0000000 0.1299499 0.1299499 0.1299499 0.1299499 0.2120146 0.2120146 0.1971182 0.1971182 0.1971182 0.3541929 0.3541929 0.3541929 0.3541929 0.3541929 0.3541929 0.2740662 0.3919967 0.3919967 0.4191879 0.3833963 2.8095890 
B._sp._Eidolon.helvum_Eh6-0110-R43            1.2112478 1.9772782 1.0056971 0.9223858 0.9321536 0.9321536 0.8301899 0.9194218 0.9194218 0.8933532 0.9271273 1.0310654 0.7869818 0.7903586 0.7839929 0.7096175 0.8775999 0.7035023 0.6435268 0.8066670 0.7520613 0.7725178 0.9927740 0.7776897 0.8164716 0.7848924 0.7831899 0.7776897 0.7831899 0.7956883 0.7453912 0.7924197 0.7618059 0.7618059 0.7618059 0.7618059 0.8629809 1.1748523 1.0538365 0.1794666 0.1299499 0.0000000 0.0089971 0.0089971 0.0089971 0.0556961 0.0556961 0.0494658 0.0494658 0.0494658 0.1772562 0.1772562 0.1772562 0.1772562 0.1789493 0.1874410 0.1883713 0.2072845 0.1924777 0.1868765 0.1866856 1.9989210 
B._sp._Eidolon.helvum_Eh6-0311-A192           1.1152059 1.7051677 0.9518677 0.8594871 0.8458677 0.8458677 0.7661738 0.8580021 0.8580021 0.8341284 0.8650665 0.9585858 0.7400683 0.7198339 0.7375100 0.6817704 0.7793616 0.6874886 0.6473962 0.7695577 0.7167913 0.7393645 0.8674572 0.7353006 0.7793131 0.7502446 0.7399645 0.7353006 0.7399645 0.7487596 0.7027925 0.7568606 0.7212086 0.7271810 0.7212086 0.8442655 0.8214359 1.1214189 0.9744089 0.1918003 0.1299499 0.0089971 0.0000000 0.0000010 0.0000010 0.0467709 0.0467709 0.0539245 0.0528557 0.0528557 0.1401379 0.1372056 0.1372056 0.1406600 0.1358290 0.1449503 0.1772072 0.2073994 0.1744847 0.1679745 0.1663575 1.8207977 
B._sp._Eidolon.helvum_Eh6-0910-A090           1.1152059 1.7051677 0.9518677 0.8594871 0.8458677 0.8458677 0.7661738 0.8580021 0.8580021 0.8341284 0.8650665 0.9585858 0.7400683 0.7198339 0.7375100 0.6817704 0.7793616 0.6874886 0.6473962 0.7695577 0.7167913 0.7393645 0.8674572 0.7353006 0.7793131 0.7502446 0.7399645 0.7353006 0.7399645 0.7487596 0.7027925 0.7568606 0.7212086 0.7271810 0.7212086 0.8442655 0.8214359 1.1214189 0.9744089 0.1918003 0.1299499 0.0089971 0.0000010 0.0000000 0.0000010 0.0467709 0.0467709 0.0539245 0.0528557 0.0528557 0.1401379 0.1372056 0.1372056 0.1406600 0.1358290 0.1449503 0.1772072 0.2073994 0.1744847 0.1679745 0.1663575 1.8207977 
B._sp._Eidolon.helvum_Eh6-1110-A147           1.1323937 1.6728532 0.9518677 0.8594871 0.8458677 0.8458677 0.7492491 0.8580021 0.8580021 0.8341284 0.8650665 0.9585858 0.7400683 0.7198339 0.7375100 0.6817704 0.7793616 0.6874886 0.6623871 0.7695577 0.7167913 0.7393645 0.8674572 0.7523030 0.7793131 0.7502446 0.7571558 0.7523030 0.7571558 0.7670560 0.7207534 0.7568606 0.7379046 0.7379046 0.7379046 0.8442655 0.8214359 1.1214189 0.9744089 0.1918003 0.1299499 0.0089971 0.0000010 0.0000010 0.0000000 0.0476926 0.0476926 0.0539245 0.0539245 0.0539245 0.1401379 0.1401379 0.1401379 0.1406600 0.1389409 0.1480645 0.1772072 0.2073994 0.1781987 0.1701331 0.1699091 1.8743194 
B._sp._Eidolon.helvum_Eh6-0510-A106           1.1224908 1.7503785 0.9920761 0.9003936 0.8222656 0.8222656 0.7562366 0.8344044 0.8344044 0.8104193 0.8415099 0.9348997 0.7347050 0.7240600 0.7321393 0.6758632 0.7727122 0.6814673 0.6503736 0.7824411 0.7274620 0.6812432 0.7899174 0.6950454 0.7195838 0.6910158 0.6994726 0.6950454 0.6994726 0.6968627 0.6820335 0.7340867 0.7112031 0.7171895 0.7112031 0.8046927 0.7600101 1.0972543 0.9656989 0.2380141 0.2120146 0.0556961 0.0467709 0.0467709 0.0476926 0.0000000 0.0000010 0.0299017 0.0293229 0.0293229 0.1419963 0.1389844 0.1389844 0.1425345 0.1437983 0.1468825 0.1640761 0.1820151 0.1504114 0.1473731 0.1458843 1.8024721 
B._sp._Eidolon.helvum_Eh6-0710-BJ1            1.1224908 1.7503785 0.9920761 0.9003936 0.8222656 0.8222656 0.7562366 0.8344044 0.8344044 0.8104193 0.8415099 0.9348997 0.7347050 0.7240600 0.7321393 0.6758632 0.7727122 0.6814673 0.6503736 0.7824411 0.7274620 0.6812432 0.7899174 0.6950454 0.7195838 0.6910158 0.6994726 0.6950454 0.6994726 0.6968627 0.6820335 0.7340867 0.7112031 0.7171895 0.7112031 0.8046927 0.7600101 1.0972543 0.9656989 0.2380141 0.2120146 0.0556961 0.0467709 0.0467709 0.0476926 0.0000010 0.0000000 0.0299017 0.0293229 0.0293229 0.1419963 0.1389844 0.1389844 0.1425345 0.1437983 0.1468825 0.1640761 0.1820151 0.1504114 0.1473731 0.1458843 1.8024721 
B._sp._Eidolon.helvum_Eh6-0510-A166           1.1436672 1.8533248 0.9735657 0.8863591 0.8299514 0.8299514 0.7459024 0.8182256 0.8182256 0.7946371 0.8252208 0.9166124 0.7211301 0.7127777 0.7186646 0.6188695 0.7621176 0.6224983 0.6165806 0.7194419 0.6714185 0.6580180 0.8304454 0.6914399 0.6957603 0.6673555 0.6959250 0.6914399 0.6959250 0.6930852 0.6600105 0.6901483 0.6914399 0.6914399 0.6914399 0.7634113 0.7355776 1.0749941 0.9498167 0.2331212 0.1971182 0.0494658 0.0539245 0.0539245 0.0539245 0.0299017 0.0299017 0.0000000 0.0000010 0.0000010 0.1763418 0.1763418 0.1763418 0.1770620 0.1844009 0.1854590 0.1635204 0.1891747 0.1655138 0.1612824 0.1610391 2.0083691 
B._sp._Eidolon.helvum_Eh6-0510-A188           1.1260257 1.8880127 0.9735657 0.8863591 0.8299514 0.8299514 0.7628761 0.8182256 0.8182256 0.7946371 0.8252208 0.9166124 0.7211301 0.7127777 0.7186646 0.6188695 0.7621176 0.6224983 0.6022385 0.7194419 0.6714185 0.6580180 0.8304454 0.6754239 0.6957603 0.6673555 0.6797328 0.6754239 0.6797328 0.6761389 0.6431154 0.6901483 0.6754239 0.6811849 0.6754239 0.7634113 0.7355776 1.0749941 0.9498167 0.2331212 0.1971182 0.0494658 0.0528557 0.0528557 0.0539245 0.0293229 0.0293229 0.0000010 0.0000000 0.0000010 0.1763418 0.1725285 0.1725285 0.1770620 0.1801612 0.1814345 0.1635204 0.1891747 0.1621425 0.1592594 0.1577092 1.9503664 
B._sp._Eidolon.helvum_Eh6-170112-D046         1.1260257 1.8880127 0.9735657 0.8863591 0.8299514 0.8299514 0.7628761 0.8182256 0.8182256 0.7946371 0.8252208 0.9166124 0.7211301 0.7127777 0.7186646 0.6188695 0.7621176 0.6224983 0.6022385 0.7194419 0.6714185 0.6580180 0.8304454 0.6754239 0.6957603 0.6673555 0.6797328 0.6754239 0.6797328 0.6761389 0.6431154 0.6901483 0.6754239 0.6811849 0.6754239 0.7634113 0.7355776 1.0749941 0.9498167 0.2331212 0.1971182 0.0494658 0.0528557 0.0528557 0.0539245 0.0293229 0.0293229 0.0000010 0.0000010 0.0000000 0.1763418 0.1725285 0.1725285 0.1770620 0.1801612 0.1814345 0.1635204 0.1891747 0.1621425 0.1592594 0.1577092 1.9503664 
B._sp._Eidolon.helvum_Eh6-0311-A083           1.0521610 1.3822219 0.9450354 0.8226331 0.9772071 0.9772071 0.8782192 0.9905775 0.9905775 0.9648316 0.9981936 1.1022673 0.8160766 0.8283646 0.8608682 0.7111647 0.8148711 0.7182482 0.7295101 0.8531920 0.7884922 0.6207681 0.6913450 0.6413554 0.6556158 0.6193028 0.6452726 0.6413554 0.6452726 0.6574598 0.6101586 0.6339017 0.6281367 0.6281367 0.6281367 0.7129195 0.6923540 1.0393857 0.9644975 0.2375208 0.3541929 0.1772562 0.1401379 0.1401379 0.1401379 0.1419963 0.1419963 0.1763418 0.1763418 0.1763418 0.0000000 0.0000010 0.0000010 0.0000010 0.0000010 0.0039162 0.1849906 0.2798661 0.2405858 0.2055784 0.2054759 1.7554285 
B._sp._Eidolon.helvum_Eh6-0910-A111           1.0368649 1.4097049 0.9450354 0.8226331 0.9772071 0.9772071 0.8970296 0.9905775 0.9905775 0.9648316 0.9981936 1.1022673 0.8160766 0.8283646 0.8608682 0.7111647 0.8148711 0.7182482 0.7121242 0.8531920 0.7884922 0.6207681 0.6913450 0.6271142 0.6556158 0.6193028 0.6308825 0.6271142 0.6308825 0.6418887 0.5950111 0.6339017 0.6141598 0.6192298 0.6141598 0.7129195 0.6923540 1.0393857 0.9644975 0.2375208 0.3541929 0.1772562 0.1372056 0.1372056 0.1401379 0.1389844 0.1389844 0.1763418 0.1725285 0.1725285 0.0000010 0.0000000 0.0000010 0.0000010 0.0000010 0.0038447 0.1849906 0.2798661 0.2352922 0.2028683 0.2010239 1.7055656 
B._sp._Eidolon.helvum_Eh6-0910-A115           1.0368649 1.4097049 0.9450354 0.8226331 0.9772071 0.9772071 0.8970296 0.9905775 0.9905775 0.9648316 0.9981936 1.1022673 0.8160766 0.8283646 0.8608682 0.7111647 0.8148711 0.7182482 0.7121242 0.8531920 0.7884922 0.6207681 0.6913450 0.6271142 0.6556158 0.6193028 0.6308825 0.6271142 0.6308825 0.6418887 0.5950111 0.6339017 0.6141598 0.6192298 0.6141598 0.7129195 0.6923540 1.0393857 0.9644975 0.2375208 0.3541929 0.1772562 0.1372056 0.1372056 0.1401379 0.1389844 0.1389844 0.1763418 0.1725285 0.1725285 0.0000010 0.0000010 0.0000000 0.0000010 0.0000010 0.0038447 0.1849906 0.2798661 0.2352922 0.2028683 0.2010239 1.7055656 
B._sp._Eidolon.helvum_Eh6-1110-BJ1            1.0596540 1.3938235 0.9450354 0.8278458 0.9772071 0.9772071 0.8840450 0.9905775 0.9905775 0.9648316 0.9981936 1.1022673 0.8160766 0.8338045 0.8608682 0.7111647 0.8148711 0.7182482 0.7342043 0.8531920 0.7940783 0.6207681 0.6913450 0.6450940 0.6556158 0.6193028 0.6490555 0.6450940 0.6490555 0.6615749 0.6141033 0.6339017 0.6317898 0.6317898 0.6317898 0.7129195 0.6923540 1.0393857 0.9713536 0.2375208 0.3541929 0.1772562 0.1406600 0.1406600 0.1406600 0.1425345 0.1425345 0.1770620 0.1770620 0.1770620 0.0000010 0.0000010 0.0000010 0.0000000 0.0000010 0.0039257 0.1849906 0.2798661 0.2416764 0.2064518 0.2063529 1.7711806 
B._sp._Eidolon.helvum_Eh6-0710-A095           1.0284413 1.4316782 0.9450354 0.8411000 0.9772071 0.9772071 0.9192791 0.9905775 0.9905775 0.9648316 0.9981936 1.1022673 0.8160766 0.8054225 0.8608682 0.7111647 0.8148711 0.7182482 0.7218088 0.8531920 0.7884922 0.6207681 0.6913450 0.6559627 0.6556158 0.6193028 0.6559627 0.6559627 0.6559627 0.6559627 0.5950111 0.6339017 0.6417043 0.6474111 0.6417043 0.7559196 0.6923540 1.0393857 0.9584358 0.2375208 0.3541929 0.1789493 0.1358290 0.1358290 0.1389409 0.1437983 0.1437983 0.1844009 0.1801612 0.1801612 0.0000010 0.0000010 0.0000010 0.0000010 0.0000000 0.0000010 0.1849906 0.3018361 0.2486653 0.2120509 0.2111087 1.7396101 
B._sp._Eidolon.helvum_Eh6-0510-A151           1.0194842 1.3839375 0.9450354 0.8460133 0.9772071 0.9772071 0.9226871 0.9905775 0.9905775 0.9648316 0.9981936 1.1022673 0.8160766 0.8526767 0.8608682 0.7111647 0.8148711 0.7182482 0.7244706 0.8531920 0.7884922 0.6207681 0.6913450 0.6458545 0.6556158 0.6193028 0.6458545 0.6458545 0.6458545 0.6418887 0.5950111 0.6339017 0.6326988 0.6379260 0.6326988 0.7356312 0.6923540 1.0393857 0.9537817 0.2375208 0.3541929 0.1874410 0.1449503 0.1449503 0.1480645 0.1468825 0.1468825 0.1854590 0.1814345 0.1814345 0.0039162 0.0038447 0.0038447 0.0039257 0.0000010 0.0000000 0.1849906 0.2941901 0.2459289 0.2115525 0.2106627 1.7411324 
B._sp._Eidolon.helvum_Eh6-1109-Q131           1.0625396 1.3582854 0.9424448 0.7740112 0.9511671 0.9511671 0.8506075 0.9640277 0.9640277 0.9391630 0.9713772 1.0711894 0.7820284 0.7074100 0.7997823 0.7980859 0.8323185 0.7229669 0.6844610 0.9306115 0.8297073 0.6657791 0.7513102 0.6426295 0.7023249 0.6753177 0.6426295 0.6426295 0.6426295 0.6426295 0.6279444 0.6910221 0.6279444 0.6279444 0.6279444 0.6799299 0.7408196 1.1699265 0.9893447 0.2549967 0.2740662 0.1883713 0.1772072 0.1772072 0.1772072 0.1640761 0.1640761 0.1635204 0.1635204 0.1635204 0.1849906 0.1849906 0.1849906 0.1849906 0.1849906 0.1849906 0.0000000 0.2421513 0.2038523 0.1862061 0.1768067 1.6758640 
B._sp._Eidolon.helvum_Eh6-0310-A146           1.2058186 1.9214793 1.1337514 1.1510176 1.2415447 1.2415447 1.1928366 1.2254216 1.2254216 1.1908272 1.2358092 1.2856124 0.9425843 1.0528337 0.9681188 0.8984614 0.9739151 0.7525004 0.7723745 1.2091249 1.1936926 0.8429793 1.1138220 0.9102542 0.8970425 0.8450850 0.9179904 0.9102542 0.9179904 0.9294489 0.8810116 0.8690281 0.8904718 0.8904718 0.8904718 0.8904718 0.9546882 1.0971824 1.1165625 0.3252277 0.3919967 0.2072845 0.2073994 0.2073994 0.2073994 0.1820151 0.1820151 0.1891747 0.1891747 0.1891747 0.2798661 0.2798661 0.2798661 0.2798661 0.3018361 0.2941901 0.2421513 0.0000000 0.0000010 0.0419910 0.0358574 1.7020319 
B._sp._Eidolon.helvum_Eh6-170112-D074         1.0171557 1.5368760 0.9145795 0.8829405 0.9601872 0.9601872 0.9085523 0.9479271 0.9479271 0.9226897 0.9553845 1.0075922 0.7362357 0.7657870 0.7561418 0.7255175 0.7727340 0.6538759 0.6634820 0.9381670 0.8799497 0.6659844 0.7928444 0.6888683 0.7033770 0.6651082 0.6932643 0.6888683 0.6932643 0.6903406 0.6506789 0.6810157 0.6748725 0.6806168 0.6748725 0.7523980 0.7428034 1.0272864 0.9619815 0.2621866 0.3919967 0.1924777 0.1744847 0.1744847 0.1781987 0.1504114 0.1504114 0.1655138 0.1621425 0.1621425 0.2405858 0.2352922 0.2352922 0.2416764 0.2486653 0.2459289 0.2038523 0.0000010 0.0000000 0.0380829 0.0329481 1.6194358 
