114
B._acomydis_KS2_1                               0.0000000 0.0959896 0.0976336 0.1365164 0.1756063 0.1899267 0.1915106 0.1791508 0.1625820 0.1451499 0.1719989 0.1743596 0.1695966 0.1495679 0.1538393 0.2793025 0.2411556 0.2199046 0.2482565 0.2326500 0.2663666 0.2189171 0.2309327 0.2485563 0.2670101 0.1946003 0.1712231 0.1692507 0.1679430 0.1989921 0.2189537 0.2369981 0.2933219 0.2705889 0.2485161 0.3127064 0.2546851 0.2498605 0.2440837 0.2722109 0.3089999 0.3037193 0.3074258 0.2836846 0.2803301 0.2743579 0.2710882 0.2677309 0.2780585 0.2481364 0.2774569 0.2067186 0.3451637 0.3456153 0.3113496 0.3369992 0.3692801 0.3233177 0.3282402 0.3177965 0.3046712 0.3591809 0.2126523 0.2596477 0.2547480 0.2627592 0.4319281 0.4254113 0.4108669 0.3995910 0.3333294 0.3688318 0.3642248 0.3531278 0.3333005 0.3379376 0.3212074 0.3441991 0.3275563 0.3476789 0.3200455 0.3249104 0.3616683 0.3974115 0.4190515 0.3946686 0.4424866 0.2864446 0.2825744 0.2999758 0.2614280 0.2717135 0.2666491 0.3196525 0.2189692 0.2804573 0.2576168 0.2764548 0.4292018 0.3482974 0.4227943 0.4427142 0.4363671 0.3745133 0.6673688 0.3057694 0.3054214 0.6658291 0.6321839 0.4776285 0.2861425 0.9332371 0.9790641 2.8544596 
B._birtlesii_IBS325                             0.0959896 0.0000000 0.0934335 0.1206957 0.1407322 0.1900975 0.2360132 0.2078055 0.1384776 0.1466748 0.1324876 0.1329682 0.1371508 0.1315845 0.1592216 0.2164527 0.1874598 0.2044478 0.1949735 0.1807070 0.2240625 0.1957258 0.1950640 0.2083011 0.2419030 0.1806118 0.1699037 0.1440572 0.1473116 0.1630271 0.2158710 0.2088928 0.2467338 0.2441839 0.2362286 0.3024992 0.2653259 0.2605220 0.2250114 0.2454031 0.2720426 0.2736414 0.2738722 0.2859451 0.2799919 0.2481619 0.2546340 0.2594495 0.2541573 0.2200907 0.2578366 0.2110700 0.3488770 0.3347412 0.3271822 0.3538024 0.3571115 0.3228141 0.3300641 0.3033495 0.2645415 0.3373999 0.2121795 0.2546325 0.2590600 0.2579255 0.3815236 0.3612303 0.3294087 0.3450617 0.3190091 0.3426325 0.3119234 0.3057655 0.2990982 0.3454213 0.3406773 0.3226868 0.2916827 0.3078259 0.2971067 0.2878953 0.3448611 0.3799158 0.4110378 0.3936833 0.3998379 0.2316977 0.2349017 0.2384064 0.2166974 0.2098521 0.2229053 0.3178151 0.2372492 0.2063116 0.2476185 0.2689662 0.3863787 0.3334147 0.3870713 0.3966110 0.4397689 0.3576538 0.5395302 0.2536602 0.2655049 0.6688879 0.6380636 0.4550382 0.2424696 0.8740404 0.9179390 2.5222664 
B._florenciae_R4                                0.0976336 0.0934335 0.0000000 0.1314623 0.1370156 0.2034562 0.2149801 0.2047400 0.1519125 0.1520127 0.1610253 0.1392032 0.1459377 0.1390159 0.1608113 0.2152209 0.2081950 0.1975524 0.2193211 0.1813607 0.2512474 0.1977535 0.1890532 0.1929047 0.2530324 0.1894021 0.1985545 0.1644448 0.1718044 0.1908019 0.2562666 0.2170309 0.2872149 0.2841768 0.2547802 0.2820561 0.2448355 0.2370881 0.2556660 0.2427431 0.2855781 0.2879290 0.2888954 0.2945676 0.2731640 0.2389998 0.2443848 0.2819407 0.2615422 0.2453448 0.2768440 0.2090657 0.3293190 0.3103643 0.3148112 0.3187672 0.3361224 0.3147328 0.3086609 0.3099144 0.2660656 0.3358543 0.1972372 0.2437893 0.2380273 0.2574594 0.3901504 0.3679926 0.3535538 0.3532024 0.3329017 0.3366767 0.3246181 0.3239664 0.3040879 0.3356512 0.3285971 0.3176878 0.2970867 0.3062491 0.2952223 0.2904542 0.3464187 0.3536079 0.3780497 0.3873336 0.3960781 0.2543425 0.2660682 0.2759593 0.2398922 0.2343608 0.2311600 0.3482580 0.2144095 0.2064306 0.2313545 0.2624087 0.4566066 0.3522451 0.4043866 0.4193117 0.4076660 0.3418521 0.5078308 0.2615144 0.3138128 0.6330028 0.6024899 0.5186927 0.2147316 0.8608377 0.8383021 2.2347518 
B._alsatica_IBS382                              0.1365164 0.1206957 0.1314623 0.0000000 0.1168475 0.1314196 0.1915856 0.1840523 0.1228150 0.1158739 0.1308562 0.1283560 0.1326662 0.1278287 0.1424025 0.1911101 0.1763452 0.1462978 0.1526540 0.1520626 0.1892044 0.1794266 0.1645073 0.1554848 0.1920130 0.1644647 0.1625902 0.1460765 0.1427108 0.1597748 0.1932957 0.1817381 0.2419337 0.2333286 0.2430647 0.2896857 0.2463446 0.2470571 0.2087156 0.1980595 0.2254509 0.2514248 0.2497358 0.2423441 0.2217075 0.2114651 0.2292488 0.2257248 0.2455491 0.2067034 0.2301846 0.1995194 0.2999009 0.2846205 0.2831684 0.3050041 0.3127450 0.3039306 0.3121818 0.2769236 0.2315159 0.3199790 0.1958653 0.2421163 0.2403734 0.2104741 0.3136162 0.2938562 0.2896365 0.3020882 0.2693195 0.3114144 0.2907169 0.2609036 0.2526003 0.2480658 0.2373466 0.2518540 0.2369623 0.2422925 0.2440577 0.2432430 0.3312052 0.2942177 0.3330945 0.3475061 0.3701278 0.2378584 0.2355316 0.2409745 0.2087159 0.1977001 0.2032470 0.2525144 0.2327698 0.2025410 0.2289802 0.2394191 0.3453462 0.2919262 0.3663210 0.3512980 0.3602950 0.2956246 0.4588517 0.2883546 0.2976190 0.5876331 0.5691360 0.4642446 0.2263993 0.7322351 0.9428472 1.8593941 
B._phoceensis_16120                             0.1756063 0.1407322 0.1370156 0.1168475 0.0000000 0.1404387 0.1971416 0.1879600 0.1331294 0.1379584 0.1471468 0.1270086 0.1277865 0.1450666 0.1584021 0.1902019 0.1892229 0.2046607 0.1962214 0.1751440 0.2461155 0.2053226 0.1843653 0.1681957 0.2114661 0.1735983 0.1809629 0.1611572 0.1437606 0.1578774 0.2061573 0.2216033 0.2615580 0.2515439 0.2372348 0.2712400 0.2311222 0.2321362 0.2131899 0.2144205 0.2438366 0.2719221 0.2675963 0.2740557 0.2592084 0.2328418 0.2370432 0.2372842 0.2199366 0.2132346 0.2586740 0.2264329 0.3385834 0.3129032 0.2860035 0.3209243 0.3554857 0.3122318 0.3270208 0.3131034 0.2410992 0.3470345 0.1773388 0.2265767 0.2298910 0.2368248 0.3222212 0.3237655 0.3102816 0.3161741 0.3370818 0.3432630 0.3122811 0.3134932 0.2555312 0.2385861 0.2490138 0.2348815 0.2146000 0.2244907 0.2200073 0.2820175 0.3342479 0.2981292 0.3471753 0.3547311 0.3864564 0.2352035 0.2519131 0.2415931 0.2236223 0.2012613 0.2254706 0.2893922 0.2366272 0.2070131 0.2273524 0.2384297 0.3658612 0.2998521 0.4019618 0.3760909 0.3760369 0.3634006 0.5431171 0.2149469 0.2469146 0.6163601 0.5981564 0.5277847 0.2251980 0.8175932 0.9097807 1.9887164 
B._callosciuri_BR1_1                            0.1899267 0.1900975 0.2034562 0.1314196 0.1404387 0.0000000 0.1865641 0.1815706 0.1281505 0.1259138 0.1319691 0.1260811 0.1570435 0.1805243 0.1536730 0.2225588 0.1978865 0.1912471 0.1821835 0.1557670 0.2302329 0.1823778 0.1508316 0.1602501 0.1673140 0.1725288 0.1726647 0.1735409 0.1681303 0.1786891 0.2004362 0.2440571 0.2385506 0.2290026 0.2273028 0.2782977 0.2263580 0.2202533 0.2009469 0.2097218 0.2105264 0.2364787 0.2556328 0.2412952 0.2256393 0.2400481 0.2366832 0.2315793 0.2378942 0.2108853 0.2272450 0.1955389 0.2649710 0.2836906 0.2548867 0.3082169 0.3206966 0.3214537 0.3105035 0.3129889 0.2148420 0.2922940 0.2126021 0.2826176 0.2686542 0.2465740 0.3158957 0.3292078 0.3229240 0.3279495 0.3206649 0.3387066 0.2894162 0.2986493 0.2539431 0.2483288 0.2361502 0.2617429 0.2484414 0.2612290 0.2536956 0.2670888 0.3118852 0.3392870 0.3011277 0.3320340 0.3255239 0.2148109 0.2286664 0.2181815 0.2066526 0.1890406 0.2078500 0.2623894 0.2134308 0.1982868 0.2060083 0.1992611 0.3249787 0.3103258 0.4093766 0.3951810 0.3812521 0.3568619 0.6289879 0.2353569 0.2910308 0.6128454 0.5676518 0.5597771 0.2311121 0.8342725 0.9986939 1.7924167 
B._coopersplainsensis_AUST_NH20                 0.1915106 0.2360132 0.2149801 0.1915856 0.1971416 0.1865641 0.0000000 0.0513741 0.1750434 0.1778881 0.1886228 0.2037906 0.2279725 0.2403720 0.2395829 0.2505106 0.2530978 0.2325304 0.2415740 0.2580748 0.2436532 0.2139765 0.2088137 0.2198198 0.2344418 0.2049565 0.2284114 0.2257422 0.2080612 0.2342963 0.2815238 0.3448515 0.2983129 0.2935059 0.2589715 0.3185850 0.2420467 0.2528730 0.2715296 0.2134233 0.3141194 0.2928533 0.3219153 0.2811951 0.2746161 0.2534400 0.2659688 0.3032401 0.2969073 0.2704547 0.3010261 0.1324711 0.3232260 0.3169935 0.3329623 0.3401374 0.3564188 0.3649242 0.3577981 0.3526166 0.2898922 0.4143431 0.2824330 0.3561466 0.3541537 0.3391139 0.4126940 0.4307190 0.4149114 0.4106845 0.3989910 0.4294111 0.3833044 0.3613372 0.3970160 0.3722221 0.3749505 0.3976242 0.3835497 0.3977121 0.3725347 0.3317305 0.4175473 0.4089884 0.4343039 0.4026430 0.4579267 0.2900205 0.2819586 0.2926616 0.2604573 0.2391747 0.2409795 0.3107399 0.2847392 0.3100341 0.3104984 0.3368378 0.4359631 0.3013180 0.4463656 0.4710075 0.4665268 0.4525400 0.6199373 0.3759807 0.3887779 0.5743900 0.5365494 0.5887709 0.4037454 0.8619900 1.0699201 2.0803716 
B._japonica_Fuji_18_1                           0.1791508 0.2078055 0.2047400 0.1840523 0.1879600 0.1815706 0.0513741 0.0000000 0.1576057 0.1695582 0.1800461 0.2058283 0.2305751 0.2250537 0.2296777 0.2277888 0.2171900 0.1967254 0.2058545 0.2252077 0.2242637 0.2326479 0.1997059 0.1929419 0.2232946 0.1821130 0.2132711 0.2045090 0.1943546 0.2100218 0.2528438 0.3266573 0.2798984 0.2579723 0.2362512 0.2966526 0.2045256 0.2166959 0.2720054 0.2114108 0.2879554 0.2572461 0.3099464 0.2510479 0.2440687 0.2357143 0.2458998 0.2793267 0.2696394 0.2420616 0.2819811 0.1168346 0.3365089 0.3145401 0.3205255 0.3401374 0.3529387 0.3582983 0.3586504 0.3348971 0.2962401 0.4118708 0.2861984 0.3410621 0.3122985 0.3540158 0.3838911 0.3907603 0.3574466 0.3620187 0.3536039 0.3826114 0.3346115 0.3299266 0.3552941 0.3479935 0.3412345 0.3595583 0.3394898 0.3605035 0.3327174 0.3289278 0.3754541 0.3785771 0.3839981 0.3785970 0.4582949 0.2697382 0.2676547 0.2763270 0.2403161 0.2365935 0.2275582 0.2824749 0.2655566 0.2924678 0.2661042 0.2991170 0.3716042 0.3022751 0.4245514 0.4414988 0.4189633 0.4148576 0.6453981 0.3931066 0.3988536 0.6425988 0.5980531 0.6246849 0.3576597 0.8143990 1.0782293 1.8563660 
B._vinsonii_arupensis_Pm136co                   0.1625820 0.1384776 0.1519125 0.1228150 0.1331294 0.1281505 0.1750434 0.1576057 0.0000000 0.0338572 0.0415319 0.1140451 0.1571964 0.1363466 0.1593590 0.1859018 0.1809972 0.1468478 0.1365009 0.1304159 0.1756304 0.1789454 0.1384430 0.1493166 0.1500103 0.1186292 0.1259413 0.1247556 0.1237375 0.1295963 0.1694087 0.1539537 0.2193702 0.2062954 0.1930683 0.2362816 0.1841918 0.2008008 0.1684005 0.1629971 0.2047255 0.2366984 0.2000289 0.2357444 0.2221336 0.2099345 0.2020608 0.2017185 0.2133224 0.1940413 0.1872464 0.1798832 0.2638394 0.2548966 0.2507151 0.3028844 0.3019323 0.2462133 0.2655363 0.2378684 0.1942792 0.2810645 0.2084966 0.2150842 0.2067110 0.1938317 0.2780577 0.2660238 0.2528793 0.2531827 0.2768244 0.2921061 0.2470782 0.2603647 0.2628315 0.2706842 0.2612737 0.2579163 0.2422399 0.2503219 0.2392537 0.2455970 0.2676989 0.3326725 0.2973951 0.3158583 0.3386439 0.1768444 0.1972128 0.1851477 0.1758114 0.1623880 0.1568387 0.2721495 0.2233655 0.1859211 0.2015390 0.2098703 0.3506810 0.2633303 0.3672963 0.2994348 0.3427898 0.3480068 0.4696466 0.1956219 0.2151273 0.5099469 0.5312281 0.5069451 0.2281259 0.8251014 1.0165106 2.0577501 
B._vinsonii_vinsonii_Baker                      0.1451499 0.1466748 0.1520127 0.1158739 0.1379584 0.1259138 0.1778881 0.1695582 0.0338572 0.0000000 0.0402461 0.1131048 0.1471072 0.1444587 0.1662238 0.1983236 0.1829919 0.1566687 0.1514722 0.1637575 0.1863767 0.1673521 0.1625620 0.1774906 0.1760215 0.1508854 0.1361872 0.1345519 0.1302611 0.1421382 0.1786861 0.1710676 0.2336223 0.2240289 0.2090470 0.2483030 0.1864814 0.1978257 0.1822557 0.1766208 0.2041946 0.2344474 0.2139257 0.2402215 0.2317656 0.2295388 0.2383520 0.2195551 0.2347943 0.2147240 0.2000767 0.1901013 0.2616996 0.2754077 0.2729091 0.3073139 0.3319847 0.2817630 0.3007516 0.2639857 0.2253031 0.2722709 0.1965025 0.2322053 0.2039757 0.1988774 0.3190214 0.2981399 0.2807124 0.2807879 0.2780450 0.3223998 0.2590951 0.2697371 0.2639650 0.2485798 0.2429770 0.2515799 0.2381486 0.2470334 0.2493714 0.2251104 0.2890851 0.3334920 0.2914677 0.3001656 0.3222023 0.2063445 0.2170144 0.2126928 0.1978924 0.1751884 0.1786923 0.2783937 0.2277560 0.2062633 0.2013809 0.2146012 0.3752309 0.2702847 0.4059314 0.3562765 0.3675781 0.3373620 0.5087175 0.1856417 0.2113371 0.5206365 0.5302960 0.5167001 0.2561994 0.9085852 1.0596260 2.3497618 
B._vinsonii_berkhoffii_Tweed                    0.1719989 0.1324876 0.1610253 0.1308562 0.1471468 0.1319691 0.1886228 0.1800461 0.0415319 0.0402461 0.0000000 0.1179934 0.1644269 0.1633611 0.1812017 0.2004732 0.1764534 0.1542387 0.1501733 0.1506326 0.1923355 0.1688180 0.1529783 0.1652145 0.1742923 0.1388008 0.1344433 0.1302953 0.1299115 0.1335518 0.1669974 0.1723974 0.2142731 0.2017501 0.1974354 0.2468366 0.2025974 0.2138230 0.1725142 0.1759152 0.2228178 0.2381330 0.2274751 0.2584554 0.2484405 0.2259462 0.2260079 0.2207014 0.2001266 0.1780268 0.1855363 0.1848890 0.2734352 0.2713554 0.2599380 0.3051663 0.2974342 0.2682415 0.2790356 0.2502479 0.2044284 0.2631867 0.2262176 0.2502305 0.2380612 0.2144771 0.2827638 0.2741802 0.2526330 0.2650939 0.2870129 0.2877378 0.2498509 0.2555321 0.2591015 0.2762864 0.2670548 0.2626306 0.2470873 0.2598258 0.2503567 0.2488777 0.2846321 0.3146133 0.2807969 0.3128164 0.3069613 0.1821047 0.1882292 0.1929538 0.1804434 0.1637730 0.1728741 0.2740127 0.2307379 0.2016659 0.2163083 0.2227788 0.3559513 0.2780273 0.3598721 0.3212093 0.3407968 0.3296784 0.4800682 0.2048179 0.2047103 0.5303823 0.5358219 0.4951257 0.2494353 0.8169211 0.9498758 1.9142689 
B._taylorii_8TBB                                0.1743596 0.1329682 0.1392032 0.1283560 0.1270086 0.1260811 0.2037906 0.2058283 0.1140451 0.1131048 0.1179934 0.0000000 0.1657979 0.1313845 0.1504188 0.1784467 0.1776074 0.1761584 0.1711179 0.1397833 0.1945210 0.2085574 0.1714911 0.1854939 0.1835160 0.1396686 0.1571763 0.1321554 0.1476625 0.1552579 0.2111395 0.1972776 0.2365559 0.2341163 0.2197321 0.2708630 0.2074817 0.2357782 0.2114145 0.2012336 0.2609404 0.2689316 0.2574186 0.2595461 0.2460998 0.2144280 0.2145566 0.2312196 0.2322765 0.2085272 0.2298381 0.1973553 0.3211891 0.3151006 0.2708217 0.3370675 0.3494159 0.3157060 0.3308800 0.3212429 0.2492968 0.3336903 0.1749137 0.2408984 0.2229507 0.2188207 0.2920853 0.2971510 0.2955345 0.3143042 0.2824360 0.3213511 0.2872385 0.3058928 0.2819384 0.2562351 0.2666395 0.2521623 0.2379791 0.2496215 0.2572155 0.2632769 0.3227476 0.3617057 0.2991728 0.2894381 0.3218604 0.2206250 0.2252522 0.2248012 0.2104153 0.1767217 0.2072298 0.3211407 0.2211294 0.1746236 0.2353817 0.2403997 0.3620093 0.3136965 0.3743500 0.3895625 0.4043852 0.3587508 0.6036082 0.1962254 0.2112183 0.5949420 0.5919078 0.4577012 0.2371624 0.9254336 0.9701961 1.9609581 
B._pachyuromydis_FN15_2                         0.1695966 0.1371508 0.1459377 0.1326662 0.1277865 0.1570435 0.2279725 0.2305751 0.1571964 0.1471072 0.1644269 0.1657979 0.0000000 0.1013654 0.1180895 0.2611467 0.2409600 0.2364632 0.2451649 0.2387370 0.2612406 0.2184569 0.2149123 0.2204987 0.2808766 0.2076547 0.2179803 0.2050699 0.1876363 0.2174122 0.2548289 0.2685926 0.3152903 0.3053626 0.2831126 0.3325123 0.2747992 0.2880794 0.2476826 0.2449727 0.2673652 0.3075636 0.3545083 0.3041642 0.2915417 0.3005424 0.2872927 0.2789748 0.3048627 0.2588531 0.3093849 0.2437919 0.3811305 0.3701843 0.3454794 0.4128525 0.4203705 0.4104536 0.4132488 0.3595690 0.3238731 0.3538728 0.2043367 0.2429731 0.2641431 0.2685823 0.4108949 0.4314924 0.3817494 0.3865973 0.3516753 0.4236282 0.3556023 0.3127815 0.3196803 0.3071276 0.3088493 0.3135337 0.3113031 0.3102905 0.3075264 0.3549065 0.3936523 0.4151012 0.4106920 0.4185947 0.4370278 0.2998020 0.2926763 0.3059477 0.2603735 0.2418312 0.2634068 0.3612624 0.2264328 0.2439058 0.2258289 0.2367342 0.3905387 0.3635255 0.5164205 0.4701447 0.5064515 0.3959668 0.5878805 0.2630702 0.2662223 0.6388730 0.5903569 0.5429797 0.2735921 0.9454809 1.0002492 2.0115098 
B._sp._Meriones.libycus_B29771                  0.1495679 0.1315845 0.1390159 0.1278287 0.1450666 0.1805243 0.2403720 0.2250537 0.1363466 0.1444587 0.1633611 0.1313845 0.1013654 0.0000000 0.0665635 0.1997241 0.2073665 0.2262260 0.2076662 0.2007595 0.2326749 0.2293568 0.1982945 0.1912365 0.2377145 0.1633154 0.2091464 0.1784682 0.1758825 0.1950542 0.2833424 0.2497616 0.2622819 0.2635602 0.2514812 0.2946609 0.2528752 0.2616612 0.2280147 0.2358708 0.2769226 0.2858740 0.2884745 0.2863860 0.2798629 0.2570807 0.2463103 0.2601827 0.2633919 0.2334642 0.2728504 0.2414443 0.3411742 0.3326781 0.3087013 0.3296457 0.3757153 0.3377460 0.3422642 0.3357071 0.2692205 0.3700127 0.1952490 0.2562100 0.2521790 0.2854006 0.3847130 0.3796185 0.3574746 0.3714866 0.3493961 0.3632531 0.3056855 0.2857720 0.3029168 0.3037487 0.3269829 0.3083317 0.2879305 0.3064817 0.3001208 0.2984820 0.3491781 0.4022677 0.3631173 0.3482437 0.3868686 0.2431132 0.2509178 0.2598242 0.2314224 0.2128428 0.2392579 0.3476020 0.2255633 0.2375687 0.2086131 0.2339561 0.4539248 0.3335874 0.4541712 0.4238598 0.4627463 0.3718253 0.5661379 0.2501082 0.2498742 0.6051694 0.6255739 0.4982186 0.2554040 0.9611220 0.9821145 2.0945044 
B._sp._Sekeetamys.calurus_FG1_1                 0.1538393 0.1592216 0.1608113 0.1424025 0.1584021 0.1536730 0.2395829 0.2296777 0.1593590 0.1662238 0.1812017 0.1504188 0.1180895 0.0665635 0.0000000 0.2490852 0.2493871 0.2512702 0.2422140 0.2234407 0.2723717 0.2412400 0.2170322 0.2050062 0.2735099 0.2092526 0.2160661 0.2044134 0.1915425 0.2263578 0.2741869 0.2726540 0.3126008 0.3175143 0.2835085 0.3709417 0.2875354 0.2897958 0.2677604 0.2733338 0.3219281 0.3204876 0.3512465 0.3225899 0.3217206 0.3158951 0.3010540 0.3017312 0.3071804 0.2910670 0.3100993 0.2511219 0.3254604 0.3350902 0.3537593 0.3737309 0.4080407 0.4265468 0.4111210 0.4039620 0.3223337 0.4291998 0.2413950 0.2733180 0.2921229 0.3354581 0.4347761 0.4358536 0.4210413 0.4255540 0.3696239 0.4442148 0.3950310 0.3418043 0.3490252 0.3090339 0.3200623 0.3320265 0.3180986 0.3395276 0.3215686 0.3241957 0.4130862 0.4440089 0.4263185 0.4233793 0.4415855 0.2878055 0.2855304 0.3253267 0.2813476 0.2500438 0.2641177 0.3479121 0.2408773 0.2632134 0.2166240 0.2424872 0.4612770 0.3640704 0.4505396 0.4271801 0.4482134 0.4048894 0.6210703 0.3136239 0.2990863 0.6491734 0.6498539 0.5915990 0.3043292 0.9462604 1.0980870 2.0426692 
B._sp._Chaerephon.plicatus_SK157                0.2793025 0.2164527 0.2152209 0.1911101 0.1902019 0.2225588 0.2505106 0.2277888 0.1859018 0.1983236 0.2004732 0.1784467 0.2611467 0.1997241 0.2490852 0.0000000 0.0919362 0.2109147 0.1946837 0.1710746 0.2358995 0.2316816 0.2159394 0.1899569 0.2135460 0.1996354 0.2182113 0.1677853 0.1814642 0.1915056 0.2812097 0.2272400 0.2283167 0.2151951 0.2947375 0.3063592 0.2404191 0.2602016 0.2244162 0.2260301 0.2667191 0.2649414 0.2718247 0.2536505 0.2451765 0.2252209 0.2222072 0.2758935 0.2414702 0.2366438 0.2627207 0.2467909 0.3053915 0.2919187 0.2910095 0.3232502 0.3438849 0.3050864 0.3065719 0.3059831 0.2610414 0.3633380 0.2678699 0.3647567 0.3175983 0.3427867 0.3181042 0.3112567 0.2720957 0.2677249 0.2822086 0.2804515 0.2586579 0.2858399 0.2902750 0.2747333 0.2919771 0.2701669 0.2372512 0.2751133 0.2555917 0.2404587 0.3173645 0.3046538 0.3263072 0.2866196 0.3689146 0.2610758 0.2704826 0.2873941 0.2481315 0.2346233 0.2275068 0.2912956 0.3225260 0.2559095 0.2585783 0.2744977 0.3947872 0.3207708 0.4269144 0.4161296 0.3977637 0.3713287 0.5128897 0.3570357 0.3980515 0.6092758 0.5886820 0.4887321 0.2942350 0.9243799 1.0415416 2.1951400 
B._sp._Chaerephon.plicatus_SK194                0.2411556 0.1874598 0.2081950 0.1763452 0.1892229 0.1978865 0.2530978 0.2171900 0.1809972 0.1829919 0.1764534 0.1776074 0.2409600 0.2073665 0.2493871 0.0919362 0.0000000 0.1925148 0.1913838 0.1717841 0.2139552 0.2138093 0.2072710 0.1784809 0.2308711 0.2044499 0.2406439 0.1955455 0.1801167 0.1981285 0.2627567 0.2467524 0.2151035 0.2019964 0.2327258 0.2679583 0.2203144 0.2262599 0.2154809 0.2244149 0.2532639 0.2707787 0.2552404 0.2762567 0.2817578 0.2629180 0.2598948 0.2769662 0.2220050 0.2157156 0.2468682 0.2504095 0.3210550 0.3082814 0.2819201 0.3220922 0.3465563 0.3038095 0.3008490 0.2896072 0.2207073 0.3003487 0.2680690 0.3567546 0.3004269 0.2970702 0.3140334 0.2952318 0.2546821 0.2655011 0.2563633 0.2809044 0.2529919 0.2941397 0.2858469 0.2779414 0.2894171 0.2749060 0.2505796 0.2756423 0.2598690 0.2241239 0.2866247 0.3074952 0.3248273 0.3151095 0.3391980 0.2575218 0.2503115 0.2594669 0.2382022 0.2342781 0.2348991 0.2540483 0.3261299 0.2304415 0.2490431 0.2894002 0.3972137 0.2704809 0.3769596 0.3589064 0.3677008 0.3662659 0.5363249 0.3759641 0.3975650 0.5382285 0.5253977 0.4509823 0.3076707 0.8964332 1.0590627 2.1041668 
B._sp._Myotis.blythii_Vesp_4_B44601             0.2199046 0.2044478 0.1975524 0.1462978 0.2046607 0.1912471 0.2325304 0.1967254 0.1468478 0.1566687 0.1542387 0.1761584 0.2364632 0.2262260 0.2512702 0.2109147 0.1925148 0.0000000 0.0520123 0.1078027 0.1274150 0.1780643 0.1851997 0.1860164 0.1805191 0.1527437 0.1877624 0.1624861 0.1710286 0.1834097 0.2205409 0.2329142 0.2435072 0.2349251 0.2330234 0.2841396 0.2284430 0.2316886 0.2278978 0.1997021 0.2340512 0.2436139 0.2305266 0.2607536 0.2287636 0.2142478 0.2070931 0.2079571 0.2040578 0.1874021 0.2341183 0.2217903 0.3131036 0.2839929 0.2640406 0.2942633 0.2983847 0.2803417 0.2865753 0.2713882 0.2090905 0.2848581 0.2622657 0.3081864 0.2905983 0.2883530 0.3276072 0.3223247 0.2915105 0.2935489 0.3410088 0.3338334 0.3038651 0.2940701 0.2822632 0.3414057 0.3322785 0.3126252 0.2950183 0.3054212 0.2898545 0.2869221 0.3187858 0.3466615 0.3161070 0.3176965 0.3939071 0.2506269 0.2508946 0.2411180 0.2334754 0.2262304 0.2179480 0.2437528 0.2882190 0.2683560 0.2813365 0.3079774 0.3946501 0.2635781 0.3744264 0.3993114 0.3645989 0.3457895 0.5037551 0.3258638 0.3604897 0.5670261 0.5922968 0.5516335 0.2730248 0.8789904 1.0481232 2.0014496 
B._sp._Myotis.blythii_Vesp_5_B44622             0.2482565 0.1949735 0.2193211 0.1526540 0.1962214 0.1821835 0.2415740 0.2058545 0.1365009 0.1514722 0.1501733 0.1711179 0.2451649 0.2076662 0.2422140 0.1946837 0.1913838 0.0520123 0.0000000 0.0979149 0.1144953 0.1815815 0.1707207 0.1718972 0.1843482 0.1513364 0.2191251 0.1702322 0.1826243 0.1843545 0.2630605 0.2680613 0.2220270 0.2237132 0.2364499 0.2938714 0.2438444 0.2445718 0.2100082 0.1893001 0.2271355 0.2378090 0.2329880 0.2579517 0.2284809 0.2132086 0.2065236 0.2111878 0.2153377 0.1923656 0.2376496 0.2183225 0.3069186 0.2942119 0.2565910 0.3247880 0.3217758 0.2891085 0.2956002 0.2694399 0.2087810 0.3047896 0.2665256 0.3041788 0.2790948 0.3021520 0.3064232 0.2996978 0.2695958 0.2836944 0.3302918 0.3115022 0.2819167 0.2757124 0.2967190 0.3330920 0.3297270 0.2981412 0.2886134 0.3007472 0.2854960 0.2726103 0.3233504 0.3524982 0.3044663 0.2995859 0.3633173 0.2302735 0.2403577 0.2375221 0.2328891 0.1992925 0.2015006 0.2182090 0.2951496 0.2418479 0.2889094 0.2985192 0.3410685 0.2586066 0.3482180 0.3825211 0.3515779 0.3519246 0.4908102 0.3366691 0.3481638 0.5876509 0.6330560 0.5769790 0.2787909 0.8371255 1.0181174 1.9217772 
B._sp._Rhinolophus.ferrumequinum_Rhin_1_B44706  0.2326500 0.1807070 0.1813607 0.1520626 0.1751440 0.1557670 0.2580748 0.2252077 0.1304159 0.1637575 0.1506326 0.1397833 0.2387370 0.2007595 0.2234407 0.1710746 0.1717841 0.1078027 0.0979149 0.0000000 0.1450373 0.1921871 0.1551775 0.1477030 0.1527851 0.1205707 0.1583858 0.1353235 0.1520306 0.1652458 0.2108502 0.2101823 0.2192138 0.2223291 0.2354536 0.2940585 0.2504239 0.2499691 0.2047511 0.1870311 0.2384887 0.2338186 0.2421938 0.2583134 0.2153736 0.2141153 0.2064897 0.2273726 0.1954632 0.1726644 0.2072206 0.2132208 0.3126117 0.2977256 0.2511143 0.3201622 0.3126459 0.2410146 0.2511418 0.2303319 0.1901854 0.2479295 0.2618947 0.3090251 0.2923593 0.2838593 0.3030629 0.3013186 0.2761425 0.2862560 0.3068472 0.2962614 0.2608394 0.2829047 0.2610855 0.2830557 0.2748205 0.2650235 0.2446990 0.2658144 0.2430245 0.2637544 0.2914686 0.3729048 0.2745550 0.2925253 0.3398491 0.2301958 0.2276500 0.2362572 0.2136989 0.2077055 0.2215678 0.2407701 0.3046581 0.2212842 0.2486594 0.2591668 0.3645668 0.2913605 0.3454142 0.3712575 0.3466778 0.3358155 0.5314501 0.2830816 0.3258510 0.5626748 0.5943404 0.5205572 0.3147865 0.9007781 0.9743322 1.6040878 
B._sp._Eidolon.helvum_Ew_111                    0.2663666 0.2240625 0.2512474 0.1892044 0.2461155 0.2302329 0.2436532 0.2242637 0.1756304 0.1863767 0.1923355 0.1945210 0.2612406 0.2326749 0.2723717 0.2358995 0.2139552 0.1274150 0.1144953 0.1450373 0.0000000 0.2293056 0.1932048 0.1998355 0.1964297 0.1595104 0.2774869 0.2188321 0.2169166 0.2315821 0.3247765 0.3940669 0.2183792 0.2286295 0.2326293 0.2986981 0.2652233 0.2886296 0.2142133 0.2099453 0.2755511 0.2476018 0.2389889 0.2703601 0.2568467 0.2506964 0.2419519 0.2482327 0.2174910 0.2099200 0.2379969 0.2513423 0.3148618 0.3123887 0.2750324 0.3154742 0.3153297 0.2975623 0.3059029 0.2800157 0.2108562 0.3973138 0.2967785 0.3906918 0.3461085 0.3879265 0.3034613 0.2922660 0.3000334 0.3049537 0.3604166 0.3322237 0.2915695 0.2916386 0.2831970 0.3271731 0.3534059 0.3050248 0.2930420 0.3056038 0.2927618 0.2709319 0.3662747 0.4192332 0.4179402 0.3995792 0.4697451 0.2782909 0.2912596 0.2717371 0.2683898 0.2489303 0.2700342 0.2751291 0.3541540 0.2752012 0.3473182 0.3825082 0.4347899 0.3053438 0.3786316 0.3783741 0.4067239 0.3953725 0.5048369 0.3966921 0.4059490 0.6060337 0.6664599 0.5936168 0.3776120 0.9268278 1.0832228 2.0023344 
B._sp._Chaerephon.plicatus_SK165                0.2189171 0.1957258 0.1977535 0.1794266 0.2053226 0.1823778 0.2139765 0.2326479 0.1789454 0.1673521 0.1688180 0.2085574 0.2184569 0.2293568 0.2412400 0.2316816 0.2138093 0.1780643 0.1815815 0.1921871 0.2293056 0.0000000 0.1890184 0.1986524 0.1941867 0.1956227 0.2134884 0.1854988 0.1762797 0.1858728 0.2459408 0.2651238 0.2466342 0.2330170 0.2286864 0.2720745 0.2246246 0.2252515 0.2352699 0.2177461 0.2367745 0.2489678 0.2413247 0.2799629 0.2665804 0.2498500 0.2407470 0.2416888 0.2405669 0.2323980 0.2639265 0.2520669 0.2962579 0.2811903 0.3001646 0.2849207 0.3573917 0.3719693 0.3621346 0.3581061 0.2674567 0.3635293 0.2925752 0.3968605 0.3890873 0.3562819 0.3305967 0.3352122 0.3072039 0.3126566 0.3415367 0.3235547 0.2865344 0.2801964 0.3451926 0.3498679 0.3399011 0.3269086 0.3336948 0.3279721 0.3184568 0.2617584 0.3896256 0.3775527 0.3840049 0.3771766 0.3778357 0.2632831 0.2567640 0.2542864 0.2413366 0.2256512 0.2505959 0.3079859 0.3370889 0.2699808 0.2611304 0.2917844 0.4461449 0.3412967 0.3927969 0.4250811 0.4203527 0.3059118 0.4917985 0.3580466 0.3920445 0.6450461 0.6004585 0.5118388 0.3483456 0.8625626 1.0247791 2.2959250 
B._henselae_Houston_1                           0.2309327 0.1950640 0.1890532 0.1645073 0.1843653 0.1508316 0.2088137 0.1997059 0.1384430 0.1625620 0.1529783 0.1714911 0.2149123 0.1982945 0.2170322 0.2159394 0.2072710 0.1851997 0.1707207 0.1551775 0.1932048 0.1890184 0.0000000 0.0676256 0.1004849 0.1089164 0.1766402 0.1753071 0.1827958 0.1968967 0.2331194 0.2580969 0.2037866 0.2024276 0.1903808 0.2436859 0.1863033 0.1881994 0.1625158 0.1554931 0.2084299 0.2136532 0.2151568 0.2253702 0.2146305 0.2092935 0.1949780 0.2224141 0.1992748 0.1822581 0.2087129 0.2104331 0.2410379 0.2345013 0.2243328 0.2313350 0.2598812 0.2600277 0.2639858 0.2584095 0.1990625 0.2950831 0.2471477 0.2908369 0.2698221 0.2594558 0.2937480 0.2831538 0.2604268 0.2595077 0.3112488 0.2983021 0.2446672 0.2597799 0.2389136 0.2655921 0.2551945 0.2627085 0.2539380 0.2551220 0.2409639 0.2271844 0.3132403 0.3218834 0.3153693 0.3274656 0.3386138 0.2344599 0.2382901 0.2584017 0.2208688 0.2239385 0.2265521 0.2402610 0.2939405 0.1921785 0.2613621 0.2779562 0.3961547 0.2915813 0.3427920 0.3283633 0.3375257 0.3284134 0.4608740 0.3386507 0.3614118 0.5510737 0.5348983 0.4866124 0.2556560 0.7421442 0.9558570 1.9070121 
B._koehlerae_C_29                               0.2485563 0.2083011 0.1929047 0.1554848 0.1681957 0.1602501 0.2198198 0.1929419 0.1493166 0.1774906 0.1652145 0.1854939 0.2204987 0.1912365 0.2050062 0.1899569 0.1784809 0.1860164 0.1718972 0.1477030 0.1998355 0.1986524 0.0676256 0.0000000 0.1121225 0.1198155 0.2060163 0.1850309 0.1844772 0.2007195 0.2510127 0.2433532 0.1806855 0.1761039 0.1740746 0.2130931 0.1798724 0.1872591 0.1596179 0.1509547 0.1974885 0.2035153 0.2130047 0.2423670 0.2232916 0.2120857 0.2019426 0.2155893 0.1922350 0.1753142 0.2017219 0.2274160 0.2610103 0.2484324 0.2156541 0.2326798 0.2612159 0.2635458 0.2570258 0.2631320 0.1769627 0.2713649 0.2656074 0.2959594 0.2798655 0.2779965 0.2771072 0.2834513 0.2528214 0.2523559 0.3129567 0.2889527 0.2392629 0.2458753 0.2616840 0.2682479 0.2662088 0.2691612 0.2505787 0.2568609 0.2521700 0.2336234 0.2996059 0.3336497 0.2841941 0.3324500 0.3369478 0.2207552 0.2183441 0.2438281 0.2133796 0.2147591 0.2230843 0.2331991 0.3164888 0.2185821 0.2389445 0.2643890 0.3840073 0.2910376 0.3417912 0.3015915 0.3327951 0.3391754 0.4747946 0.3576184 0.3666878 0.5268867 0.4972432 0.4927195 0.2335171 0.7240772 0.9270105 1.8320169 
B._quintana_Toulouse                            0.2670101 0.2419030 0.2530324 0.1920130 0.2114661 0.1673140 0.2344418 0.2232946 0.1500103 0.1760215 0.1742923 0.1835160 0.2808766 0.2377145 0.2735099 0.2135460 0.2308711 0.1805191 0.1843482 0.1527851 0.1964297 0.1941867 0.1004849 0.1121225 0.0000000 0.1183159 0.1961764 0.1766724 0.1986508 0.2089791 0.2679764 0.3090310 0.1881969 0.1786997 0.1964824 0.2471886 0.1834143 0.1915019 0.1729137 0.1553670 0.1891480 0.2058757 0.2001886 0.2095802 0.2028185 0.2054851 0.2035741 0.2104589 0.2029808 0.1750083 0.1819742 0.2293515 0.2667838 0.2540179 0.2251298 0.2478110 0.2623277 0.2632725 0.2810114 0.2625910 0.2099458 0.3570457 0.2980355 0.3535144 0.3070194 0.3340896 0.2642827 0.2671161 0.2679380 0.2677887 0.3215936 0.2814806 0.2514453 0.2735395 0.2596996 0.2660600 0.2688503 0.2678352 0.2570315 0.2624726 0.2545942 0.2535108 0.3026206 0.3452282 0.3417474 0.3797888 0.3987584 0.2402072 0.2401424 0.2459526 0.2285179 0.2269956 0.2402132 0.2507139 0.2928287 0.2282162 0.2665942 0.2863444 0.4256587 0.2841861 0.3427364 0.3764730 0.3591551 0.3262470 0.5080813 0.3660182 0.3879307 0.6131495 0.6089091 0.5579627 0.2985472 0.7797825 0.9697268 1.9055410 
B._washoensis_Sb944nv                           0.1946003 0.1806118 0.1894021 0.1644647 0.1735983 0.1725288 0.2049565 0.1821130 0.1186292 0.1508854 0.1388008 0.1396686 0.2076547 0.1633154 0.2092526 0.1996354 0.2044499 0.1527437 0.1513364 0.1205707 0.1595104 0.1956227 0.1089164 0.1198155 0.1183159 0.0000000 0.1239176 0.1046384 0.1219458 0.1372787 0.1876652 0.2487625 0.1885012 0.1993840 0.1875075 0.2304459 0.1948420 0.2116485 0.1672151 0.1475174 0.2131392 0.2136645 0.2164475 0.2438570 0.2150315 0.1902206 0.1800491 0.1815902 0.1959774 0.1790650 0.1770724 0.2042609 0.2774353 0.2596842 0.2240551 0.2886308 0.2972499 0.2575707 0.2624733 0.2202714 0.1782130 0.2790246 0.2328855 0.2372289 0.2307264 0.2507406 0.2787034 0.2713126 0.2530162 0.2450345 0.2935508 0.2608373 0.2461317 0.2366742 0.2454020 0.2672933 0.2697451 0.2422861 0.2273467 0.2482403 0.2296107 0.2530785 0.3136110 0.3535014 0.2847959 0.3062565 0.3335550 0.2186750 0.2197292 0.2092551 0.2003428 0.2092896 0.2142550 0.2526272 0.2708225 0.1553950 0.2572904 0.2836422 0.3382214 0.2586364 0.3270237 0.3362718 0.3382057 0.2947775 0.5076364 0.2461582 0.2741683 0.5605930 0.5536828 0.4837823 0.2619507 0.7186639 0.9588214 1.8666804 
B._sp._Eptesicus.nilssoni_1157_3                0.1712231 0.1699037 0.1985545 0.1625902 0.1809629 0.1726647 0.2284114 0.2132711 0.1259413 0.1361872 0.1344433 0.1571763 0.2179803 0.2091464 0.2160661 0.2182113 0.2406439 0.1877624 0.2191251 0.1583858 0.2774869 0.2134884 0.1766402 0.2060163 0.1961764 0.1239176 0.0000000 0.0044377 0.0408407 0.0503073 0.0578956 0.1178208 0.3500664 0.3407495 0.3099228 0.3471736 0.2088064 0.2570919 0.2276388 0.2516887 0.3148104 0.3367298 0.3263741 0.3294788 0.2888066 0.2910023 0.2983152 0.2860604 0.2647673 0.2719139 0.2890411 0.2360030 0.3454661 0.3127168 0.3143882 0.4057981 0.4210262 0.3844352 0.3884786 0.3817707 0.3056837 0.3513158 0.2535335 0.2392904 0.2249797 0.2269341 0.3517458 0.3643779 0.3704430 0.3423753 0.2721828 0.4054429 0.3436923 0.3350840 0.2778514 0.2691718 0.2608844 0.2710149 0.2534725 0.2802922 0.2464646 0.3144213 0.3283269 0.3599105 0.3355614 0.3277536 0.3705508 0.2610089 0.2621186 0.2767042 0.2311229 0.2280667 0.2375599 0.3545723 0.2802290 0.2840523 0.2809886 0.2636497 0.3851670 0.3612102 0.4360040 0.4724064 0.4370665 0.4073168 0.6933613 0.2213069 0.2630431 0.8423255 0.7729980 0.6591902 0.3154861 1.1412042 1.1974921 2.6673554 
B._sp._Myotis.blythii_Vesp_2_B44722             0.1692507 0.1440572 0.1644448 0.1460765 0.1611572 0.1735409 0.2257422 0.2045090 0.1247556 0.1345519 0.1302953 0.1321554 0.2050699 0.1784682 0.2044134 0.1677853 0.1955455 0.1624861 0.1702322 0.1353235 0.2188321 0.1854988 0.1753071 0.1850309 0.1766724 0.1046384 0.0044377 0.0000000 0.0375999 0.0439557 0.0638462 0.1126931 0.2496328 0.2471279 0.2449577 0.2686084 0.1937318 0.2258814 0.1948932 0.1866499 0.2715584 0.2676342 0.2641169 0.2685147 0.2440885 0.2198346 0.2272254 0.2340908 0.2297189 0.2132375 0.2283224 0.2008750 0.2894824 0.2673563 0.2837620 0.3271407 0.3364636 0.2922282 0.3023818 0.2718021 0.2344404 0.3472471 0.2133010 0.2269645 0.2069721 0.2156900 0.3064585 0.3131561 0.2827432 0.2777070 0.2765484 0.3132941 0.2904277 0.2854341 0.2451549 0.2488410 0.2483327 0.2254725 0.2161395 0.2259082 0.2134194 0.2863987 0.3019543 0.3378908 0.3143476 0.3036713 0.3447817 0.2243385 0.2413264 0.2334468 0.2038076 0.2055971 0.2038693 0.3190118 0.2628424 0.2149044 0.2392586 0.2283482 0.3602973 0.3167838 0.3706757 0.4136090 0.4035153 0.3304358 0.5257306 0.1927883 0.2359173 0.6442448 0.6404253 0.5124546 0.2444796 0.8976068 0.9729084 1.7997369 
B._sp._Eptesicus.serotinus_Vesp_3_B44724        0.1679430 0.1473116 0.1718044 0.1427108 0.1437606 0.1681303 0.2080612 0.1943546 0.1237375 0.1302611 0.1299115 0.1476625 0.1876363 0.1758825 0.1915425 0.1814642 0.1801167 0.1710286 0.1826243 0.1520306 0.2169166 0.1762797 0.1827958 0.1844772 0.1986508 0.1219458 0.0408407 0.0375999 0.0000000 0.0218207 0.0361201 0.0972865 0.2690490 0.2513134 0.2569435 0.2950019 0.2340070 0.2495691 0.2216639 0.2072379 0.2881440 0.2836391 0.2829735 0.2728062 0.2484821 0.2429990 0.2430455 0.2316406 0.2432640 0.2176048 0.2459307 0.2082774 0.3285124 0.2927869 0.3026830 0.3394282 0.3543084 0.3315063 0.3400768 0.3044784 0.2396352 0.3456973 0.2049798 0.2197632 0.2131530 0.2001716 0.3195310 0.3333268 0.2957862 0.2949958 0.2828773 0.3278989 0.3044822 0.3026658 0.2796035 0.2791756 0.2784670 0.2613424 0.2595234 0.2658119 0.2563282 0.3021751 0.3103564 0.3648426 0.3505703 0.3241867 0.3501182 0.2380855 0.2476257 0.2485946 0.2189064 0.2148158 0.2264859 0.2990453 0.2848913 0.2131712 0.2242758 0.2384730 0.3839721 0.3159866 0.3931239 0.4268610 0.3937510 0.3791729 0.5655222 0.1811139 0.2092242 0.6684433 0.6723428 0.5488344 0.2910457 0.8819712 1.0397495 2.0557809 
B._sp._Myotis.emarginatus_Vesp_1_B44731         0.1989921 0.1630271 0.1908019 0.1597748 0.1578774 0.1786891 0.2342963 0.2100218 0.1295963 0.1421382 0.1335518 0.1552579 0.2174122 0.1950542 0.2263578 0.1915056 0.1981285 0.1834097 0.1843545 0.1652458 0.2315821 0.1858728 0.1968967 0.2007195 0.2089791 0.1372787 0.0503073 0.0439557 0.0218207 0.0000000 0.0183973 0.1145579 0.2743447 0.2571725 0.2671281 0.3072439 0.2290943 0.2506355 0.2260968 0.2124311 0.2802958 0.2946301 0.2906259 0.2996533 0.2637057 0.2430755 0.2363119 0.2400407 0.2287510 0.2193586 0.2520825 0.2167240 0.3375310 0.3016327 0.2843893 0.3430272 0.3631566 0.3308212 0.3356291 0.3063870 0.2538175 0.3588674 0.2170705 0.2308600 0.2220995 0.2149240 0.3314370 0.3485923 0.2989573 0.3033444 0.2865342 0.3205040 0.3200000 0.2966746 0.2897190 0.3132660 0.3122235 0.2741538 0.2657207 0.2808825 0.2625729 0.3192621 0.3201940 0.3629770 0.3585703 0.3312095 0.3768167 0.2475031 0.2630321 0.2495927 0.2325061 0.2168624 0.2266283 0.3087757 0.3186318 0.2146989 0.2340193 0.2395975 0.3824288 0.3418429 0.3916381 0.4144808 0.3975899 0.3716490 0.5524693 0.1958859 0.2260295 0.6813160 0.6884112 0.5063772 0.3049620 0.9270239 1.0100782 1.9260064 
B._sp._Myotis.daubentonii_1160_1                0.2189537 0.2158710 0.2562666 0.1932957 0.2061573 0.2004362 0.2815238 0.2528438 0.1694087 0.1786861 0.1669974 0.2111395 0.2548289 0.2833424 0.2741869 0.2812097 0.2627567 0.2205409 0.2630605 0.2108502 0.3247765 0.2459408 0.2331194 0.2510127 0.2679764 0.1876652 0.0578956 0.0638462 0.0361201 0.0183973 0.0000000 0.1223052 0.3907315 0.3547076 0.3565854 0.4148682 0.2753300 0.3158335 0.2735470 0.2792207 0.3659586 0.3777120 0.4142410 0.3725656 0.3110206 0.3177404 0.3252006 0.3243067 0.2950097 0.2824900 0.3479493 0.2746590 0.4273405 0.3803242 0.3331547 0.4391025 0.4694448 0.4395441 0.4448081 0.4362598 0.3574679 0.3860026 0.2587597 0.2796573 0.2615108 0.2374613 0.3965567 0.4310502 0.3985249 0.3861444 0.3123752 0.4348366 0.4021470 0.3830774 0.3323838 0.3302948 0.3207633 0.3173160 0.3064673 0.3283857 0.2913240 0.3758742 0.3524681 0.4117119 0.3967721 0.3963908 0.4398572 0.2945728 0.2950828 0.3062350 0.2690865 0.2702783 0.2776573 0.3556513 0.3437507 0.3244332 0.2719495 0.2785983 0.4288835 0.4021041 0.4563265 0.4779633 0.4550669 0.4587542 0.7229031 0.2248414 0.2482436 0.8957427 0.8536087 0.6782581 0.4022167 1.1621947 1.1598490 3.0779857 
B._mayotimonensis_EYL_2008                      0.2369981 0.2088928 0.2170309 0.1817381 0.2216033 0.2440571 0.3448515 0.3266573 0.1539537 0.1710676 0.1723974 0.1972776 0.2685926 0.2497616 0.2726540 0.2272400 0.2467524 0.2329142 0.2680613 0.2101823 0.3940669 0.2651238 0.2580969 0.2433532 0.3090310 0.2487625 0.1178208 0.1126931 0.0972865 0.1145579 0.1223052 0.0000000 0.3515407 0.3485191 0.3829465 0.4111630 0.2715791 0.3378707 0.3012640 0.3553479 0.3644267 0.3764623 0.3569559 0.3953293 0.3553446 0.3253531 0.3127837 0.3139700 0.2857381 0.2667991 0.2763796 0.3046282 0.4816079 0.4251013 0.4020223 0.4824986 0.5026455 0.4513202 0.4601454 0.4520638 0.3432676 0.3884640 0.3175981 0.3326594 0.3495768 0.2508167 0.4259500 0.4657137 0.3981421 0.3913884 0.3797627 0.4536487 0.3549456 0.4361111 0.3811829 0.3722780 0.3755918 0.3526222 0.3347900 0.3714915 0.3554723 0.4034003 0.4032782 0.4783264 0.4567631 0.4395436 0.5933426 0.3246584 0.2988545 0.3426947 0.2923587 0.3158476 0.3022358 0.4156135 0.4255539 0.4106070 0.3261100 0.3243440 0.5160640 0.3654627 0.5463552 0.5513888 0.5227268 0.5341976 1.0063373 0.3701416 0.3928953 0.9425586 0.9880999 0.7697824 0.3801004 1.6313744 1.6742742 8.5266313 
B._sp._Hipposideros.armiger_KK182               0.2933219 0.2467338 0.2872149 0.2419337 0.2615580 0.2385506 0.2983129 0.2798984 0.2193702 0.2336223 0.2142731 0.2365559 0.3152903 0.2622819 0.3126008 0.2283167 0.2151035 0.2435072 0.2220270 0.2192138 0.2183792 0.2466342 0.2037866 0.1806855 0.1881969 0.1885012 0.3500664 0.2496328 0.2690490 0.2743447 0.3907315 0.3515407 0.0000000 0.0243144 0.1729892 0.2020034 0.1942276 0.2016264 0.1526393 0.1576842 0.1699374 0.1806976 0.2098065 0.2091676 0.2128985 0.1903782 0.2101819 0.2038774 0.2041431 0.1614505 0.1934824 0.2538500 0.2086471 0.2223109 0.2268315 0.2544823 0.2686944 0.2440052 0.2293111 0.2477217 0.1820081 0.3117503 0.3420003 0.4022771 0.3728147 0.3497767 0.2486394 0.2420337 0.2181527 0.2222716 0.2984886 0.2319123 0.2155595 0.2219666 0.2733565 0.2617668 0.2691774 0.2589659 0.2385790 0.2576762 0.2474626 0.1991294 0.3403876 0.3842225 0.2844188 0.2942181 0.3875200 0.2735843 0.2629109 0.2776947 0.2484074 0.2499418 0.2516738 0.2319496 0.3479993 0.2857004 0.3502339 0.3960207 0.4331918 0.2634433 0.3138349 0.3309087 0.3472962 0.2809229 0.4056123 0.4629850 0.4141643 0.5709855 0.5774315 0.4706673 0.3520734 0.7349943 0.8944108 2.2031236 
