62
B._apis_BBC0122_NZ_CP015625                   0.0000000 0.7709980 0.7357752 0.7072955 0.8331640 0.8331640 0.8338396 0.8464454 0.8275880 0.8215731 0.8521690 0.8390097 0.6875374 0.6434000 0.6652638 0.7514353 0.8230187 0.6700059 0.6512455 0.8677126 0.7797203 0.7565103 0.8939809 0.7043699 0.7794290 0.7505263 0.6781015 0.7043699 0.6781015 0.6592824 0.7192034 0.8060001 0.7200159 0.7258247 0.7200159 0.8269442 0.8214871 0.8659257 0.7750604 1.1038039 3.3440477 1.2083131 1.1121567 1.1121567 1.1293012 1.1193240 1.1193240 1.1402137 1.1226262 1.1226262 1.0491181 1.0338662 1.0338662 1.0565937 1.0256382 1.0167459 1.0593243 1.2021021 1.0136175 0.9892091 0.9832125 1.0765454 
B._tamiae_Th239_NZ_JH725147                   0.7709980 0.0000000 0.8521284 0.6905855 1.0241433 1.0241433 0.9371916 1.0387716 1.0387716 1.0387716 1.0251386 0.9896850 0.8007039 0.6929561 0.8555225 0.8728895 1.0611961 0.7104711 0.6404030 0.9510277 0.8786855 0.8859915 1.0116135 0.7591358 0.8390107 0.8333634 0.7297277 0.7591358 0.7297277 0.7669426 0.8069732 0.8268585 0.7442293 0.7506187 0.7442293 0.7567595 0.8856057 0.8422872 0.7564013 1.3654538 4.2800938 1.9698641 1.6978626 1.6978626 1.6658271 1.7436221 1.7436221 1.8455127 1.8799033 1.8799033 1.3770382 1.4042991 1.4042991 1.3886096 1.4264983 1.3789303 1.3532023 1.9140909 1.5300555 1.4897334 1.4747554 0.9431201 
B._sp._Cyclopodia.greefi_Cg_23_Q22-1_JN172038 0.7357752 0.8521284 0.0000000 0.0091535 0.2790740 0.2790740 0.2790740 0.2710129 0.2710129 0.2883147 0.2901287 0.3248137 0.2499788 0.2394623 0.2394623 0.3838423 0.4086632 0.3163025 0.3163025 0.4415994 0.4415994 0.5373271 0.5729841 0.5089620 0.5089620 0.5018003 0.5089620 0.5089620 0.5089620 0.5089620 0.4955140 0.4987064 0.4955140 0.4955140 0.4955140 0.5328794 0.5371752 0.4108827 0.4083240 0.7713560 2.0730021 1.0032253 0.9493310 0.9493310 0.9493310 0.9894415 0.9894415 0.9707491 0.9707491 0.9707491 0.9426664 0.9426664 0.9426664 0.9426664 0.9426664 0.9426664 0.9401490 1.1306044 0.9119497 0.8880924 0.8551918 1.7664214 
B._sp._Eidolon.helvum_E1-105_HM363765         0.7072955 0.6905855 0.0091535 0.0000000 0.2498092 0.2498092 0.2564238 0.2420663 0.2420663 0.2586415 0.2602262 0.2927366 0.2242973 0.2161431 0.2144761 0.3486227 0.3601480 0.2849251 0.3014987 0.4032632 0.3633756 0.5225128 0.5530450 0.4598540 0.4951446 0.4880286 0.4622533 0.4598540 0.4622533 0.4462432 0.4439510 0.4850848 0.4491620 0.4491620 0.4491620 0.4895519 0.5223688 0.3876481 0.3445757 0.7113108 2.0730021 0.9198820 0.8569773 0.8569773 0.8569773 0.8976664 0.8976664 0.8835034 0.8835034 0.8835034 0.8203344 0.8203344 0.8203344 0.8255348 0.8389578 0.8437227 0.7721737 1.1474209 0.8801883 0.8730029 0.8393447 1.4358877 
B._sp._Cyclopodia.greefi_Cg_303-1_JN172055    0.8331640 1.0241433 0.2790740 0.2498092 0.0000000 0.0000010 0.0000010 0.0046422 0.0094164 0.0141421 0.0141727 0.0347254 0.1830734 0.1742122 0.1248877 0.4530764 0.5174150 0.4014409 0.4014409 0.4425715 0.4425715 0.6077754 0.6318638 0.5752218 0.5752218 0.5831196 0.5752218 0.5752218 0.5752218 0.5752218 0.5604122 0.5643093 0.5604122 0.5604122 0.5604122 0.6193904 0.6075844 0.4715424 0.4682586 0.8095407 1.6449742 0.9296808 0.8435994 0.8435994 0.8435994 0.8197918 0.8197918 0.8271338 0.8271338 0.8271338 0.9737027 0.9737027 0.9737027 0.9737027 0.9737027 0.9737027 0.9478724 1.2373045 0.9567516 0.9288245 0.8924163 2.3144366 
B._sp._Cyclopodia.greefi_Cg_Q100-2_JN172040   0.8331640 1.0241433 0.2790740 0.2498092 0.0000010 0.0000000 0.0000010 0.0046422 0.0094164 0.0141421 0.0141727 0.0347254 0.1830734 0.1742122 0.1248877 0.4530764 0.5174150 0.4014409 0.4014409 0.4425715 0.4425715 0.6077754 0.6318638 0.5752218 0.5752218 0.5831196 0.5752218 0.5752218 0.5752218 0.5752218 0.5604122 0.5643093 0.5604122 0.5604122 0.5604122 0.6193904 0.6075844 0.4715424 0.4682586 0.8095407 1.6449742 0.9296808 0.8435994 0.8435994 0.8435994 0.8197918 0.8197918 0.8271338 0.8271338 0.8271338 0.9737027 0.9737027 0.9737027 0.9737027 0.9737027 0.9737027 0.9478724 1.2373045 0.9567516 0.9288245 0.8924163 2.3144366 
B._sp._Eidolon.helvum_E5_B40014_KM030520      0.8338396 0.9371916 0.2790740 0.2564238 0.0000010 0.0000010 0.0000000 0.0046422 0.0094164 0.0141421 0.0141727 0.0347254 0.1830734 0.1616454 0.1248877 0.4530764 0.5174150 0.4014409 0.3796628 0.4425715 0.4066420 0.6077754 0.6318638 0.5325524 0.5752218 0.5831196 0.5356303 0.5325524 0.5356303 0.5466719 0.5385989 0.5643093 0.5204158 0.5247587 0.5204158 0.5704887 0.6075844 0.4891898 0.4260906 0.8095407 1.6449742 0.8282485 0.7642428 0.7642428 0.7474506 0.7540438 0.7540438 0.7435853 0.7604170 0.7604170 0.8751230 0.8937746 0.8937746 0.8809293 0.9161275 0.9194252 0.8478272 1.1891484 0.9055361 0.9046682 0.8614570 1.9460157 
B._sp._Cyclopodia.greefi_Cg_GG243-3_JN172048  0.8464454 1.0387716 0.2710129 0.2420663 0.0046422 0.0046422 0.0046422 0.0000000 0.0046820 0.0093780 0.0093973 0.0296069 0.1763831 0.1676080 0.1185353 0.4435485 0.5174150 0.3921119 0.3921119 0.4332184 0.4332184 0.5977615 0.6318638 0.5654628 0.5654628 0.5732331 0.5654628 0.5654628 0.5654628 0.5654628 0.5506857 0.5545182 0.5506857 0.5506857 0.5506857 0.6087997 0.5975745 0.4617166 0.4584981 0.7982707 1.6449742 0.9169931 0.8555867 0.8555867 0.8555867 0.8317786 0.8317786 0.8154565 0.8154565 0.8154565 0.9869063 0.9869063 0.9869063 0.9869063 0.9869063 0.9869063 0.9605730 1.2212418 0.9445405 0.9169352 0.8808496 2.3432442 
B._sp._Cyclopodia.greefi_Cg_443_JN172068      0.8275880 1.0387716 0.2710129 0.2420663 0.0094164 0.0094164 0.0094164 0.0046820 0.0000000 0.0142675 0.0142987 0.0243636 0.1680882 0.1594974 0.1264123 0.4435485 0.5174150 0.3921119 0.3921119 0.4332184 0.4332184 0.5977615 0.6318638 0.5654628 0.5654628 0.5732331 0.5654628 0.5654628 0.5654628 0.5654628 0.5506857 0.5545182 0.5506857 0.5506857 0.5506857 0.6087997 0.5975745 0.4617166 0.4584981 0.7982707 1.6449742 0.9169931 0.8555867 0.8555867 0.8555867 0.8317786 0.8317786 0.8154565 0.8154565 0.8154565 0.9869063 0.9869063 0.9869063 0.9869063 0.9869063 0.9869063 0.9605730 1.2212418 0.9445405 0.9169352 0.8808496 2.3432442 
B._sp._Cyclopodia.greefi_Cg_424_JN172064      0.8215731 1.0387716 0.2883147 0.2586415 0.0141421 0.0141421 0.0141421 0.0093780 0.0142675 0.0000000 0.0093973 0.0400797 0.1905823 0.1816049 0.1318754 0.4435485 0.5306975 0.4122743 0.4122743 0.4332184 0.4332184 0.6194205 0.6446515 0.5865826 0.5865826 0.5946266 0.5865826 0.5865826 0.5865826 0.5865826 0.5717385 0.5757099 0.5717385 0.5717385 0.5717385 0.6317000 0.6192248 0.4829875 0.4796267 0.7757750 1.5951573 0.8911256 0.8319035 0.8319035 0.8319035 0.8079923 0.8079923 0.7920681 0.7920681 0.7920681 0.9613764 0.9613764 0.9613764 0.9613764 0.9613764 0.9613764 0.9359154 1.1869228 0.9195145 0.8926846 0.8574043 2.3303132 
B._sp._Cyclopodia.greefi_Cg_436-3_JN172061    0.8521690 1.0251386 0.2901287 0.2602262 0.0141727 0.0141727 0.0141727 0.0093973 0.0142987 0.0093973 0.0000000 0.0401918 0.1915873 0.1825455 0.1324962 0.4464593 0.5507859 0.4149948 0.4149948 0.4360344 0.4360344 0.6232130 0.6645828 0.5901393 0.5901393 0.5982642 0.5901393 0.5901393 0.5901393 0.5901393 0.5752218 0.5792329 0.5752218 0.5752218 0.5752218 0.6357696 0.6230149 0.4861495 0.4827542 0.8051797 1.5951573 0.9249108 0.8628382 0.8628382 0.8628382 0.8390681 0.8390681 0.8226299 0.8226299 0.8226299 0.9947324 0.9947324 0.9947324 0.9947324 0.9947324 0.9947324 0.9681235 1.2319447 0.9522002 0.9243541 0.8880215 2.3581302 
B._sp._Cyclopodia.greefi_Cg_G38-2_JN172044    0.8390097 0.9896850 0.3248137 0.2927366 0.0347254 0.0347254 0.0347254 0.0296069 0.0243636 0.0400797 0.0401918 0.0000000 0.1797050 0.1706860 0.1364370 0.4615801 0.5474563 0.4381601 0.4381601 0.4507084 0.4507084 0.6578541 0.6897903 0.6230149 0.6230149 0.6318014 0.6230149 0.6230149 0.6230149 0.6230149 0.6075844 0.6119252 0.6075844 0.6075844 0.6075844 0.6728182 0.6576354 0.4807008 0.4772873 0.8922515 1.7355991 1.0284608 0.9559667 0.9559667 0.9559667 0.9320272 0.9320272 0.9135733 0.9135733 0.9135733 1.0983279 1.0983279 1.0983279 1.0983279 1.0983279 1.0983279 1.0674813 1.2814849 1.0039963 0.9737893 0.9348531 2.2618805 
B._sp._Cyclopodia.greefi_Cg_426-1_JN172062    0.6875374 0.8007039 0.2499788 0.2242973 0.1830734 0.1830734 0.1830734 0.1763831 0.1680882 0.1905823 0.1915873 0.1797050 0.0000000 0.0045598 0.0597085 0.3117234 0.3878498 0.3142180 0.3142180 0.3659280 0.3659280 0.4032070 0.4658446 0.3799469 0.3799469 0.3845265 0.3799469 0.3799469 0.3799469 0.3799469 0.3678161 0.3700669 0.3678161 0.3678161 0.3678161 0.4029454 0.4030912 0.4046042 0.4018753 0.6838695 1.6097618 0.7848308 0.7379458 0.7379458 0.7379458 0.7324431 0.7324431 0.7187481 0.7187481 0.7187481 0.8134011 0.8134011 0.8134011 0.8134011 0.8134011 0.8134011 0.7793814 0.9392112 0.7335998 0.7155454 0.6875480 1.8736047 
B._sp._Eidolon.helvum_E2-114_HM363766         0.6434000 0.6929561 0.2394623 0.2161431 0.1742122 0.1742122 0.1616454 0.1676080 0.1594974 0.1816049 0.1825455 0.1706860 0.0045598 0.0000000 0.0539540 0.3232526 0.3878498 0.3019282 0.2998698 0.3777598 0.3520156 0.4158952 0.4658446 0.3841332 0.3921903 0.3969338 0.3861337 0.3841332 0.3861337 0.3693281 0.3632246 0.3822794 0.3738003 0.3738003 0.3738003 0.4141743 0.4157778 0.4050508 0.3343851 0.7007958 1.6097618 0.7882637 0.7177537 0.7177537 0.7177537 0.7217518 0.7217518 0.7103708 0.7103708 0.7103708 0.8254762 0.8254762 0.8254762 0.8308978 0.8028901 0.8497812 0.7051872 1.0491960 0.7630799 0.7565746 0.7262413 1.4619122 
B._sp._Cyclopodia.greefi_Cg_K8-1_JN172037     0.6652638 0.8555225 0.2394623 0.2144761 0.1248877 0.1248877 0.1248877 0.1185353 0.1264123 0.1318754 0.1324962 0.1364370 0.0597085 0.0539540 0.0000000 0.2951623 0.3648330 0.2711733 0.2711733 0.3487126 0.3487126 0.4318472 0.4854650 0.4075634 0.4075634 0.4125207 0.4075634 0.4075634 0.4075634 0.4075634 0.3951718 0.3976097 0.3951718 0.3951718 0.3951718 0.4330382 0.4317271 0.3326977 0.3304779 0.7220984 1.6950400 0.7821480 0.7356666 0.7356666 0.7356666 0.7301605 0.7301605 0.7165614 0.7165614 0.7165614 0.8582214 0.8582214 0.8582214 0.8582214 0.8582214 0.8582214 0.7971587 0.9649271 0.7536140 0.7349356 0.7043850 1.8644675 
B._sp._Cyclopodia.greefi_Cg_366-1_JN172052    0.7514353 0.8728895 0.3838423 0.3486227 0.4530764 0.4530764 0.4530764 0.4435485 0.4435485 0.4435485 0.4464593 0.4615801 0.3117234 0.3232526 0.2951623 0.0000000 0.1245162 0.1218926 0.1218926 0.1115604 0.1115604 0.3897396 0.4400942 0.3662249 0.3662249 0.3707661 0.3662249 0.3662249 0.3662249 0.3662249 0.3538264 0.3560560 0.3538264 0.3538264 0.3538264 0.3887752 0.3896216 0.5041535 0.5007589 0.6401693 1.8419948 0.7078330 0.6799537 0.6799537 0.6799537 0.6739264 0.6739264 0.6170192 0.6170192 0.6170192 0.7090011 0.7090011 0.7090011 0.7090011 0.7090011 0.7090011 0.7955806 0.8956059 0.7232075 0.7004154 0.7112341 1.5421653 
B._sp._Cyclopodia.greefi_Cg_G31-1_JN172043    0.8230187 1.0611961 0.4086632 0.3601480 0.5174150 0.5174150 0.5174150 0.5174150 0.5174150 0.5306975 0.5507859 0.5474563 0.3878498 0.3878498 0.3648330 0.1245162 0.0000000 0.0000010 0.0000010 0.3423863 0.3423863 0.4152905 0.4152905 0.4152905 0.4152905 0.4152905 0.4152905 0.4152905 0.4152905 0.4152905 0.3976656 0.3976656 0.3976656 0.3976656 0.3976656 0.4377745 0.4502523 0.5275224 0.5275224 0.8239112 1.6596161 0.8752289 0.7772141 0.7772141 0.7772141 0.7703641 0.7703641 0.7594461 0.7594461 0.7594461 0.8123813 0.8123813 0.8123813 0.8123813 0.8123813 0.8123813 0.8298686 0.9709084 0.7702555 0.7948071 0.7529587 2.3141310 
B._sp._Cyclopodia.greefi_Cg_K1-2_JN172035     0.6700059 0.7104711 0.3163025 0.2849251 0.4014409 0.4014409 0.4014409 0.3921119 0.3921119 0.4122743 0.4149948 0.4381601 0.3142180 0.3019282 0.2711733 0.1218926 0.0000010 0.0000000 0.0000010 0.3037145 0.3037145 0.3514245 0.3948711 0.3292949 0.3292949 0.3333406 0.3292949 0.3292949 0.3292949 0.3292949 0.3172340 0.3192226 0.3172340 0.3172340 0.3172340 0.3377501 0.3513082 0.4037617 0.4012247 0.5693252 1.6596161 0.7014769 0.6853972 0.6853972 0.6853972 0.6792474 0.6792474 0.6203746 0.6203746 0.6203746 0.7157776 0.7157776 0.7157776 0.7157776 0.7157776 0.7157776 0.7205617 0.7499480 0.6516715 0.6665523 0.6404875 1.4812528 
B._sp._Eidolon.helvum_E4_B39301_KM030516      0.6512455 0.6404030 0.3163025 0.3014987 0.4014409 0.4014409 0.3796628 0.3921119 0.3921119 0.4122743 0.4149948 0.4381601 0.3142180 0.2998698 0.2711733 0.1218926 0.0000010 0.0000010 0.0000000 0.3037145 0.2799198 0.3514245 0.3948711 0.2900199 0.3292949 0.3333406 0.2845700 0.2900199 0.2845700 0.2961118 0.2953334 0.3192226 0.2806374 0.2830476 0.2806374 0.2988344 0.3513082 0.3998107 0.3576572 0.5693252 1.6596161 0.6418653 0.6454677 0.6454677 0.6603998 0.6482374 0.6482374 0.6144631 0.6001864 0.6001864 0.7268778 0.7095692 0.7095692 0.7315528 0.7193019 0.7219381 0.6821167 0.7698940 0.6612825 0.6783045 0.6547247 1.1443155 
B._sp._Cyclopodia.greefi_Cg_Q98-1_JN172039    0.8677126 0.9510277 0.4415994 0.4032632 0.4425715 0.4425715 0.4425715 0.4332184 0.4332184 0.4332184 0.4360344 0.4507084 0.3659280 0.3777598 0.3487126 0.1115604 0.3423863 0.3037145 0.3037145 0.0000000 0.0000010 0.5891888 0.6541177 0.5570632 0.5570632 0.5548278 0.5570632 0.5570632 0.5570632 0.5570632 0.5422938 0.5362645 0.5422938 0.5422938 0.5422938 0.5997487 0.5890049 0.5605611 0.5664113 0.7461389 2.1855775 0.8041859 0.7670818 0.7670818 0.7670818 0.7798311 0.7798311 0.7169204 0.7169204 0.7169204 0.8502979 0.8502979 0.8502979 0.8502979 0.8502979 0.8502979 0.9274094 1.2047652 0.9347215 0.8588499 0.8734290 1.9661588 
B._sp._Eidolon.helvum_Ew-111_HM363768         0.7797203 0.8786855 0.4415994 0.3633756 0.4425715 0.4425715 0.4066420 0.4332184 0.4332184 0.4332184 0.4360344 0.4507084 0.3659280 0.3520156 0.3487126 0.1115604 0.3423863 0.3037145 0.2799198 0.0000010 0.0000000 0.5891888 0.6541177 0.4838487 0.5570632 0.5548278 0.4838487 0.4838487 0.4838487 0.4838487 0.4770265 0.5362645 0.4712616 0.4712616 0.4712616 0.5549171 0.5890049 0.5550846 0.4826127 0.7461389 2.1855775 0.7497534 0.7144099 0.7144099 0.7144099 0.7249634 0.7249634 0.6690163 0.6690163 0.6690163 0.7857253 0.7857253 0.7857253 0.7912906 0.7857253 0.7857253 0.8268643 1.1893656 0.8767084 0.7960124 0.8080491 1.7768729 
B._sp._Cyclopodia.greefi_Cg_371_JN172053      0.7565103 0.8859915 0.5373271 0.5225128 0.6077754 0.6077754 0.6077754 0.5977615 0.5977615 0.6194205 0.6232130 0.6578541 0.4032070 0.4158952 0.4318472 0.3897396 0.4152905 0.3514245 0.3514245 0.5891888 0.5891888 0.0000000 0.0000010 0.0047814 0.0047814 0.0048171 0.0047814 0.0047814 0.0047814 0.0047814 0.0097034 0.0097470 0.0097034 0.0097034 0.0097034 0.0103010 0.0098860 0.5883669 0.5841154 0.6946877 1.4684671 0.7705902 0.7373970 0.7373970 0.7373970 0.6790957 0.6790957 0.6559709 0.6559709 0.6559709 0.6191385 0.6191385 0.6191385 0.6191385 0.6191385 0.6191385 0.6637442 0.8406573 0.6640491 0.6410433 0.6168861 1.6910838 
B._sp._Cyclopodia.greefi_Cg_423-1_JN172058    0.8939809 1.0116135 0.5729841 0.5530450 0.6318638 0.6318638 0.6318638 0.6318638 0.6318638 0.6446515 0.6645828 0.6897903 0.4658446 0.4658446 0.4854650 0.4400942 0.4152905 0.3948711 0.3948711 0.6541177 0.6541177 0.0000010 0.0000000 0.0000010 0.0000010 0.0000010 0.0000010 0.0000010 0.0000010 0.0000010 0.0060950 0.0060950 0.0060950 0.0060950 0.0060950 0.0065737 0.0062408 0.6387778 0.6387778 0.8077899 1.4684671 0.9908991 0.8656902 0.8656902 0.8656902 0.7878086 0.7878086 0.8280917 0.8280917 0.8280917 0.6900614 0.6900614 0.6900614 0.6900614 0.6900614 0.6900614 0.7495153 1.1118228 0.7909753 0.7563911 0.7200200 2.3922149 
B._sp._Eidolon.helvum_Eh7-170112-D085         0.7043699 0.7591358 0.5089620 0.4598540 0.5752218 0.5752218 0.5325524 0.5654628 0.5654628 0.5865826 0.5901393 0.6230149 0.3799469 0.3841332 0.4075634 0.3662249 0.4152905 0.3292949 0.2900199 0.5570632 0.4838487 0.0047814 0.0000010 0.0000000 0.0000010 0.0000010 0.0000010 0.0000010 0.0000010 0.0000010 0.0042276 0.0047089 0.0037694 0.0037968 0.0037694 0.0042122 0.0047744 0.5615869 0.4849661 0.6571509 1.4684671 0.7757892 0.7332202 0.7332202 0.7501634 0.6927035 0.6927035 0.6891156 0.6731680 0.6731680 0.6396054 0.6254143 0.6254143 0.6433332 0.6541356 0.6441494 0.6405146 0.9075016 0.6866242 0.6958428 0.6632335 1.3772234 
B._sp._Cyclopodia.greefi_Cg_374_JN172050      0.7794290 0.8390107 0.5089620 0.4951446 0.5752218 0.5752218 0.5752218 0.5654628 0.5654628 0.5865826 0.5901393 0.6230149 0.3799469 0.3921903 0.4075634 0.3662249 0.4152905 0.3292949 0.3292949 0.5570632 0.5570632 0.0047814 0.0000010 0.0000010 0.0000000 0.0000010 0.0000010 0.0000010 0.0000010 0.0000010 0.0046884 0.0047089 0.0046884 0.0046884 0.0046884 0.0049665 0.0047744 0.5555902 0.5516794 0.6571509 1.4684671 0.8143156 0.7771249 0.7771249 0.7771249 0.7171962 0.7171962 0.6934764 0.6934764 0.6934764 0.6537836 0.6537836 0.6537836 0.6537836 0.6537836 0.6537836 0.7000664 0.8944403 0.7012171 0.6768023 0.6510531 1.7540031 
B._sp._Cyclopodia.greefi_Cg_465-2_JN172067    0.7505263 0.8333634 0.5018003 0.4880286 0.5831196 0.5831196 0.5831196 0.5732331 0.5732331 0.5946266 0.5982642 0.6318014 0.3845265 0.3969338 0.4125207 0.3707661 0.4152905 0.3333406 0.3333406 0.5548278 0.5548278 0.0048171 0.0000010 0.0000010 0.0000010 0.0000000 0.0000010 0.0000010 0.0000010 0.0000010 0.0047227 0.0047227 0.0047227 0.0047227 0.0047227 0.0050050 0.0048100 0.5593827 0.5593827 0.6571509 1.4684671 0.7828374 0.7481562 0.7481562 0.7481562 0.6887411 0.6887411 0.6651835 0.6651835 0.6651835 0.6176878 0.6176878 0.6176878 0.6176878 0.6176878 0.6176878 0.6732505 0.8427729 0.6631842 0.6398764 0.6154223 1.7424594 
B._sp._Cyclopodia.greefi_Eh7-0310-A131        0.6781015 0.7297277 0.5089620 0.4622533 0.5752218 0.5752218 0.5356303 0.5654628 0.5654628 0.5865826 0.5901393 0.6230149 0.3799469 0.3861337 0.4075634 0.3662249 0.4152905 0.3292949 0.2845700 0.5570632 0.4838487 0.0047814 0.0000010 0.0000010 0.0000010 0.0000010 0.0000000 0.0000010 0.0000010 0.0000010 0.0042276 0.0047089 0.0037826 0.0038102 0.0037826 0.0042287 0.0047744 0.5615869 0.4877040 0.6571509 1.4684671 0.7812763 0.7378695 0.7378695 0.7550009 0.6971130 0.6971130 0.6935828 0.6774599 0.6774599 0.6435107 0.6291713 0.6291713 0.6472827 0.6541356 0.6441494 0.6405146 0.9152143 0.6910033 0.6958428 0.6673831 1.3767804 
B._sp._Eidolon.helvum_Eh7-170112-D048         0.7043699 0.7591358 0.5089620 0.4598540 0.5752218 0.5752218 0.5325524 0.5654628 0.5654628 0.5865826 0.5901393 0.6230149 0.3799469 0.3841332 0.4075634 0.3662249 0.4152905 0.3292949 0.2900199 0.5570632 0.4838487 0.0047814 0.0000010 0.0000010 0.0000010 0.0000010 0.0000010 0.0000000 0.0000010 0.0000010 0.0042276 0.0047089 0.0037694 0.0037968 0.0037694 0.0042122 0.0047744 0.5615869 0.4849661 0.6571509 1.4684671 0.7757892 0.7332202 0.7332202 0.7501634 0.6927035 0.6927035 0.6891156 0.6731680 0.6731680 0.6396054 0.6254143 0.6254143 0.6433332 0.6541356 0.6441494 0.6405146 0.9075016 0.6866242 0.6958428 0.6632335 1.3772234 
B._sp._Eidolon.helvum_Eh7-170112-D084         0.6781015 0.7297277 0.5089620 0.4622533 0.5752218 0.5752218 0.5356303 0.5654628 0.5654628 0.5865826 0.5901393 0.6230149 0.3799469 0.3861337 0.4075634 0.3662249 0.4152905 0.3292949 0.2845700 0.5570632 0.4838487 0.0047814 0.0000010 0.0000010 0.0000010 0.0000010 0.0000010 0.0000010 0.0000000 0.0000010 0.0042276 0.0047089 0.0037826 0.0038102 0.0037826 0.0042287 0.0047744 0.5615869 0.4877040 0.6571509 1.4684671 0.7812763 0.7378695 0.7378695 0.7550009 0.6971130 0.6971130 0.6935828 0.6774599 0.6774599 0.6435107 0.6291713 0.6291713 0.6472827 0.6541356 0.6441494 0.6405146 0.9152143 0.6910033 0.6958428 0.6673831 1.3767804 
B._sp._Eidolon.helvum_Eh7-170112-D062         0.6592824 0.7669426 0.5089620 0.4462432 0.5752218 0.5752218 0.5466719 0.5654628 0.5654628 0.5865826 0.5901393 0.6230149 0.3799469 0.3693281 0.4075634 0.3662249 0.4152905 0.3292949 0.2961118 0.5570632 0.4838487 0.0047814 0.0000010 0.0000010 0.0000010 0.0000010 0.0000010 0.0000010 0.0000010 0.0000000 0.0042276 0.0047089 0.0040298 0.0040611 0.0040298 0.0045399 0.0047744 0.5615869 0.4629483 0.6571509 1.4684671 0.7937917 0.7466645 0.7466645 0.7648984 0.6946059 0.6946059 0.6908486 0.6739725 0.6739725 0.6556243 0.6401094 0.6401094 0.6597272 0.6541356 0.6401094 0.6405146 0.9268003 0.6881871 0.6932456 0.6634750 1.4530564 
B._sp._Eidolon.helvum_Eh7-0310-A193           0.7192034 0.8069732 0.4955140 0.4439510 0.5604122 0.5604122 0.5385989 0.5506857 0.5506857 0.5717385 0.5752218 0.6075844 0.3678161 0.3632246 0.3951718 0.3538264 0.3976656 0.3172340 0.2953334 0.5422938 0.4770265 0.0097034 0.0060950 0.0042276 0.0046884 0.0047227 0.0042276 0.0042276 0.0042276 0.0042276 0.0000000 0.0000010 0.0000010 0.0000010 0.0000010 0.0000010 0.0096894 0.5466077 0.4714827 0.6408352 1.4054551 0.7433423 0.7005855 0.7005855 0.7184747 0.6796946 0.6796946 0.6576942 0.6408766 0.6408766 0.6082501 0.5931653 0.5931653 0.6121803 0.5931653 0.5931653 0.6258222 0.8783032 0.6485419 0.6186842 0.5913730 1.6204437 
B._sp._Cyclopodia.greefi_Cg_GG48_JN172046     0.8060001 0.8268585 0.4987064 0.4850848 0.5643093 0.5643093 0.5643093 0.5545182 0.5545182 0.5757099 0.5792329 0.6119252 0.3700669 0.3822794 0.3976097 0.3560560 0.3976656 0.3192226 0.3192226 0.5362645 0.5362645 0.0097470 0.0060950 0.0047089 0.0047089 0.0047227 0.0047089 0.0047089 0.0047089 0.0047089 0.0000010 0.0000000 0.0000010 0.0000010 0.0000010 0.0000010 0.0097330 0.5405315 0.5405315 0.6408352 1.4054551 0.7902526 0.7546694 0.7546694 0.7546694 0.7317296 0.7317296 0.6878896 0.6878896 0.6878896 0.6320801 0.6320801 0.6320801 0.6320801 0.6320801 0.6320801 0.6887290 0.8664016 0.6788647 0.6548471 0.6296027 1.7994893 
B._sp._Eidolon.helvum_Eh7-0110-R79            0.7200159 0.7442293 0.4955140 0.4491620 0.5604122 0.5604122 0.5204158 0.5506857 0.5506857 0.5717385 0.5752218 0.6075844 0.3678161 0.3738003 0.3951718 0.3538264 0.3976656 0.3172340 0.2806374 0.5422938 0.4712616 0.0097034 0.0060950 0.0037694 0.0046884 0.0047227 0.0037826 0.0037694 0.0037826 0.0040298 0.0000010 0.0000010 0.0000000 0.0000010 0.0000010 0.0000010 0.0096894 0.5466077 0.4732969 0.6408352 1.4054551 0.7598758 0.7191100 0.7191100 0.7357455 0.7088640 0.7088640 0.6891156 0.6731680 0.6731680 0.6263742 0.6124483 0.6124483 0.6300162 0.6398639 0.6309799 0.6258222 0.8876770 0.6726177 0.6816027 0.6495838 1.4044601 
B._sp._Eidolon.helvum_Eh7-0310-A153           0.7258247 0.7506187 0.4955140 0.4491620 0.5604122 0.5604122 0.5247587 0.5506857 0.5506857 0.5717385 0.5752218 0.6075844 0.3678161 0.3738003 0.3951718 0.3538264 0.3976656 0.3172340 0.2830476 0.5422938 0.4712616 0.0097034 0.0060950 0.0037968 0.0046884 0.0047227 0.0038102 0.0037968 0.0038102 0.0040611 0.0000010 0.0000010 0.0000010 0.0000000 0.0000010 0.0000010 0.0096894 0.5466077 0.4732969 0.6408352 1.4054551 0.7598758 0.7250599 0.7250599 0.7357455 0.7148250 0.7148250 0.6891156 0.6789038 0.6789038 0.6263742 0.6174989 0.6174989 0.6300162 0.6455485 0.6361877 0.6258222 0.8876770 0.6783367 0.6816027 0.6550615 1.4174222 
B._sp._Eidolon.helvum_Eh7-0510-A193           0.7200159 0.7442293 0.4955140 0.4491620 0.5604122 0.5604122 0.5204158 0.5506857 0.5506857 0.5717385 0.5752218 0.6075844 0.3678161 0.3738003 0.3951718 0.3538264 0.3976656 0.3172340 0.2806374 0.5422938 0.4712616 0.0097034 0.0060950 0.0037694 0.0046884 0.0047227 0.0037826 0.0037694 0.0037826 0.0040298 0.0000010 0.0000010 0.0000010 0.0000010 0.0000000 0.0000010 0.0096894 0.5466077 0.4732969 0.6408352 1.4054551 0.7598758 0.7191100 0.7191100 0.7357455 0.7088640 0.7088640 0.6891156 0.6731680 0.6731680 0.6263742 0.6124483 0.6124483 0.6300162 0.6398639 0.6309799 0.6258222 0.8876770 0.6726177 0.6816027 0.6495838 1.4044601 
B._sp._Eidolon.helvum_Eh7-0110-R16            0.8269442 0.7567595 0.5328794 0.4895519 0.6193904 0.6193904 0.5704887 0.6087997 0.6087997 0.6317000 0.6357696 0.6728182 0.4029454 0.4141743 0.4330382 0.3887752 0.4377745 0.3377501 0.2988344 0.5997487 0.5549171 0.0103010 0.0065737 0.0042122 0.0049665 0.0050050 0.0042287 0.0042122 0.0042287 0.0045399 0.0000010 0.0000010 0.0000010 0.0000010 0.0000010 0.0000000 0.0102854 0.5991294 0.5502010 0.6726619 1.4054551 0.7598758 0.8418994 0.8418994 0.8418994 0.8021082 0.8021082 0.7609050 0.7609050 0.7609050 0.7109766 0.7109766 0.7109766 0.7109766 0.7538055 0.7336909 0.6777682 0.8876770 0.7500216 0.7645716 0.7318997 1.4443759 
B._sp._Cyclopodia.greefi_Cg_401_JN172072      0.8214871 0.8856057 0.5371752 0.5223688 0.6075844 0.6075844 0.6075844 0.5975745 0.5975745 0.6192248 0.6230149 0.6576354 0.4030912 0.4157778 0.4317271 0.3896216 0.4502523 0.3513082 0.3513082 0.5890049 0.5890049 0.0098860 0.0062408 0.0047744 0.0047744 0.0048100 0.0047744 0.0047744 0.0047744 0.0047744 0.0096894 0.0097330 0.0096894 0.0096894 0.0096894 0.0102854 0.0000000 0.5881793 0.5839308 0.6944402 1.4684671 0.8605830 0.8190143 0.8190143 0.8190143 0.7573677 0.7573677 0.7330421 0.7330421 0.7330421 0.6903062 0.6903062 0.6903062 0.6903062 0.6903062 0.6903062 0.7383240 0.9517885 0.7404053 0.7145064 0.6870596 1.8559715 
B._sp._Cyclopodia.greefi_Cg_417-2_JN172063    0.8659257 0.8422872 0.4108827 0.3876481 0.4715424 0.4715424 0.4891898 0.4617166 0.4617166 0.4829875 0.4861495 0.4807008 0.4046042 0.4050508 0.3326977 0.5041535 0.5275224 0.4037617 0.3998107 0.5605611 0.5550846 0.5883669 0.6387778 0.5615869 0.5555902 0.5593827 0.5615869 0.5615869 0.5615869 0.5615869 0.5466077 0.5405315 0.5466077 0.5466077 0.5466077 0.5991294 0.5881793 0.0000000 0.0000010 0.8661733 2.4852016 1.1717375 1.1181998 1.1181998 1.1181998 1.0937092 1.0937092 1.0712482 1.0712482 1.0712482 1.0364620 1.0364620 1.0364620 1.0364620 1.0364620 1.0364620 1.1660431 1.0938486 1.0239925 1.0234360 0.9798136 2.1795511 
B._sp._Eidolon.helvum_E3-106_HM363767         0.7750604 0.7564013 0.4083240 0.3445757 0.4682586 0.4682586 0.4260906 0.4584981 0.4584981 0.4796267 0.4827542 0.4772873 0.4018753 0.3343851 0.3304779 0.5007589 0.5275224 0.4012247 0.3576572 0.5664113 0.4826127 0.5841154 0.6387778 0.4849661 0.5516794 0.5593827 0.4877040 0.4849661 0.4877040 0.4629483 0.4714827 0.5405315 0.4732969 0.4732969 0.4732969 0.5502010 0.5839308 0.0000010 0.0000000 0.8661733 2.4852016 1.0510978 0.9715510 0.9715510 0.9715510 0.9624885 0.9624885 0.9464677 0.9464677 0.9464677 0.9615105 0.9615105 0.9615105 0.9683494 0.9557106 0.9507321 0.9859856 1.1132050 0.9588956 0.9734467 0.9312949 1.6102757 
B._sp._Cyclopodia.greefi_Cg_713-2_JN172066    1.1038039 1.3654538 0.7713560 0.7113108 0.8095407 0.8095407 0.8095407 0.7982707 0.7982707 0.7757750 0.8051797 0.8922515 0.6838695 0.7007958 0.7220984 0.6401693 0.8239112 0.5693252 0.5693252 0.7461389 0.7461389 0.6946877 0.8077899 0.6571509 0.6571509 0.6571509 0.6571509 0.6571509 0.6571509 0.6571509 0.6408352 0.6408352 0.6408352 0.6408352 0.6408352 0.6726619 0.6944402 0.8661733 0.8661733 0.0000000 0.1381447 0.1790635 0.1913046 0.1913046 0.1913046 0.2374899 0.2374899 0.2325657 0.2325657 0.2325657 0.2371630 0.2371630 0.2371630 0.2371630 0.2371630 0.2371630 0.2545194 0.3244925 0.2617107 0.2693233 0.2597312 2.0359712 
B._sp._Eidolon.helvum_Eh6-0310-A147           3.3440477 4.2800938 2.0730021 2.0730021 1.6449742 1.6449742 1.6449742 1.6449742 1.6449742 1.5951573 1.5951573 1.7355991 1.6097618 1.6097618 1.6950400 1.8419948 1.6596161 1.6596161 1.6596161 2.1855775 2.1855775 1.4684671 1.4684671 1.4684671 1.4684671 1.4684671 1.4684671 1.4684671 1.4684671 1.4684671 1.4054551 1.4054551 1.4054551 1.4054551 1.4054551 1.4054551 1.4684671 2.4852016 2.4852016 0.1381447 0.0000000 0.1296773 0.1296773 0.1296773 0.1296773 0.2116240 0.2116240 0.1965596 0.1965596 0.1965596 0.3537935 0.3537935 0.3537935 0.3537935 0.3537935 0.3537935 0.2735857 0.3912358 0.3912358 0.4184554 0.3828795 2.8096357 
B._sp._Eidolon.helvum_Eh6-0110-R43            1.2083131 1.9698641 1.0032253 0.9198820 0.9296808 0.9296808 0.8282485 0.9169931 0.9169931 0.8911256 0.9249108 1.0284608 0.7848308 0.7882637 0.7821480 0.7078330 0.8752289 0.7014769 0.6418653 0.8041859 0.7497534 0.7705902 0.9908991 0.7757892 0.8143156 0.7828374 0.7812763 0.7757892 0.7812763 0.7937917 0.7433423 0.7902526 0.7598758 0.7598758 0.7598758 0.7598758 0.8605830 1.1717375 1.0510978 0.1790635 0.1296773 0.0000000 0.0089914 0.0089914 0.0089914 0.0556703 0.0556703 0.0494381 0.0494381 0.0494381 0.1769623 0.1769623 0.1769623 0.1769623 0.1786915 0.1871359 0.1881028 0.2070786 0.1923178 0.1866807 0.1864790 1.9958827 
B._sp._Eidolon.helvum_Eh6-0311-A192           1.1121567 1.6978626 0.9493310 0.8569773 0.8435994 0.8435994 0.7642428 0.8555867 0.8555867 0.8319035 0.8628382 0.9559667 0.7379458 0.7177537 0.7356666 0.6799537 0.7772141 0.6853972 0.6454677 0.7670818 0.7144099 0.7373970 0.8656902 0.7332202 0.7771249 0.7481562 0.7378695 0.7332202 0.7378695 0.7466645 0.7005855 0.7546694 0.7191100 0.7250599 0.7191100 0.8418994 0.8190143 1.1181998 0.9715510 0.1913046 0.1296773 0.0089914 0.0000000 0.0000010 0.0000010 0.0467736 0.0467736 0.0539022 0.0528328 0.0528328 0.1400044 0.1370745 0.1370745 0.1405251 0.1357319 0.1448156 0.1769982 0.2071960 0.1743414 0.1678338 0.1662106 1.8178043 
B._sp._Eidolon.helvum_Eh6-0910-A090           1.1121567 1.6978626 0.9493310 0.8569773 0.8435994 0.8435994 0.7642428 0.8555867 0.8555867 0.8319035 0.8628382 0.9559667 0.7379458 0.7177537 0.7356666 0.6799537 0.7772141 0.6853972 0.6454677 0.7670818 0.7144099 0.7373970 0.8656902 0.7332202 0.7771249 0.7481562 0.7378695 0.7332202 0.7378695 0.7466645 0.7005855 0.7546694 0.7191100 0.7250599 0.7191100 0.8418994 0.8190143 1.1181998 0.9715510 0.1913046 0.1296773 0.0089914 0.0000010 0.0000000 0.0000010 0.0467736 0.0467736 0.0539022 0.0528328 0.0528328 0.1400044 0.1370745 0.1370745 0.1405251 0.1357319 0.1448156 0.1769982 0.2071960 0.1743414 0.1678338 0.1662106 1.8178043 
B._sp._Eidolon.helvum_Eh6-1110-A147           1.1293012 1.6658271 0.9493310 0.8569773 0.8435994 0.8435994 0.7474506 0.8555867 0.8555867 0.8319035 0.8628382 0.9559667 0.7379458 0.7177537 0.7356666 0.6799537 0.7772141 0.6853972 0.6603998 0.7670818 0.7144099 0.7373970 0.8656902 0.7501634 0.7771249 0.7481562 0.7550009 0.7501634 0.7550009 0.7648984 0.7184747 0.7546694 0.7357455 0.7357455 0.7357455 0.8418994 0.8190143 1.1181998 0.9715510 0.1913046 0.1296773 0.0089914 0.0000010 0.0000010 0.0000000 0.0476967 0.0476967 0.0539022 0.0539022 0.0539022 0.1400044 0.1400044 0.1400044 0.1405251 0.1388424 0.1479272 0.1769982 0.2071960 0.1780518 0.1699910 0.1697586 1.8712328 
B._sp._Eidolon.helvum_Eh6-0510-A106           1.1193240 1.7436221 0.9894415 0.8976664 0.8197918 0.8197918 0.7540438 0.8317786 0.8317786 0.8079923 0.8390681 0.9320272 0.7324431 0.7217518 0.7301605 0.6739264 0.7703641 0.6792474 0.6482374 0.7798311 0.7249634 0.6790957 0.7878086 0.6927035 0.7171962 0.6887411 0.6971130 0.6927035 0.6971130 0.6946059 0.6796946 0.7317296 0.7088640 0.7148250 0.7088640 0.8021082 0.7573677 1.0937092 0.9624885 0.2374899 0.2116240 0.0556703 0.0467736 0.0467736 0.0476967 0.0000000 0.0000010 0.0298865 0.0293074 0.0293074 0.1418624 0.1388529 0.1388529 0.1423992 0.1436922 0.1467475 0.1639050 0.1818289 0.1503053 0.1472508 0.1457568 1.7997067 
B._sp._Eidolon.helvum_Eh6-0710-BJ1            1.1193240 1.7436221 0.9894415 0.8976664 0.8197918 0.8197918 0.7540438 0.8317786 0.8317786 0.8079923 0.8390681 0.9320272 0.7324431 0.7217518 0.7301605 0.6739264 0.7703641 0.6792474 0.6482374 0.7798311 0.7249634 0.6790957 0.7878086 0.6927035 0.7171962 0.6887411 0.6971130 0.6927035 0.6971130 0.6946059 0.6796946 0.7317296 0.7088640 0.7148250 0.7088640 0.8021082 0.7573677 1.0937092 0.9624885 0.2374899 0.2116240 0.0556703 0.0467736 0.0467736 0.0476967 0.0000010 0.0000000 0.0298865 0.0293074 0.0293074 0.1418624 0.1388529 0.1388529 0.1423992 0.1436922 0.1467475 0.1639050 0.1818289 0.1503053 0.1472508 0.1457568 1.7997067 
B._sp._Eidolon.helvum_Eh6-0510-A166           1.1402137 1.8455127 0.9707491 0.8835034 0.8271338 0.8271338 0.7435853 0.8154565 0.8154565 0.7920681 0.8226299 0.9135733 0.7187481 0.7103708 0.7165614 0.6170192 0.7594461 0.6203746 0.6144631 0.7169204 0.6690163 0.6559709 0.8280917 0.6891156 0.6934764 0.6651835 0.6935828 0.6891156 0.6935828 0.6908486 0.6576942 0.6878896 0.6891156 0.6891156 0.6891156 0.7609050 0.7330421 1.0712482 0.9464677 0.2325657 0.1965596 0.0494381 0.0539022 0.0539022 0.0539022 0.0298865 0.0298865 0.0000000 0.0000010 0.0000010 0.1760876 0.1760876 0.1760876 0.1768055 0.1841668 0.1851966 0.1632626 0.1889696 0.1653804 0.1611332 0.1608822 2.0047676 
B._sp._Eidolon.helvum_Eh6-0510-A188           1.1226262 1.8799033 0.9707491 0.8835034 0.8271338 0.8271338 0.7604170 0.8154565 0.8154565 0.7920681 0.8226299 0.9135733 0.7187481 0.7103708 0.7165614 0.6170192 0.7594461 0.6203746 0.6001864 0.7169204 0.6690163 0.6559709 0.8280917 0.6731680 0.6934764 0.6651835 0.6774599 0.6731680 0.6774599 0.6739725 0.6408766 0.6878896 0.6731680 0.6789038 0.6731680 0.7609050 0.7330421 1.0712482 0.9464677 0.2325657 0.1965596 0.0494381 0.0528328 0.0528328 0.0539022 0.0293074 0.0293074 0.0000010 0.0000000 0.0000010 0.1760876 0.1722810 0.1722810 0.1768055 0.1799336 0.1811790 0.1632626 0.1889696 0.1620120 0.1591117 0.1575560 1.9468787 
B._sp._Eidolon.helvum_Eh6-170112-D046         1.1226262 1.8799033 0.9707491 0.8835034 0.8271338 0.8271338 0.7604170 0.8154565 0.8154565 0.7920681 0.8226299 0.9135733 0.7187481 0.7103708 0.7165614 0.6170192 0.7594461 0.6203746 0.6001864 0.7169204 0.6690163 0.6559709 0.8280917 0.6731680 0.6934764 0.6651835 0.6774599 0.6731680 0.6774599 0.6739725 0.6408766 0.6878896 0.6731680 0.6789038 0.6731680 0.7609050 0.7330421 1.0712482 0.9464677 0.2325657 0.1965596 0.0494381 0.0528328 0.0528328 0.0539022 0.0293074 0.0293074 0.0000010 0.0000010 0.0000000 0.1760876 0.1722810 0.1722810 0.1768055 0.1799336 0.1811790 0.1632626 0.1889696 0.1620120 0.1591117 0.1575560 1.9468787 
B._sp._Eidolon.helvum_Eh6-0311-A083           1.0491181 1.3770382 0.9426664 0.8203344 0.9737027 0.9737027 0.8751230 0.9869063 0.9869063 0.9613764 0.9947324 1.0983279 0.8134011 0.8254762 0.8582214 0.7090011 0.8123813 0.7157776 0.7268778 0.8502979 0.7857253 0.6191385 0.6900614 0.6396054 0.6537836 0.6176878 0.6435107 0.6396054 0.6435107 0.6556243 0.6082501 0.6320801 0.6263742 0.6263742 0.6263742 0.7109766 0.6903062 1.0364620 0.9615105 0.2371630 0.3537935 0.1769623 0.1400044 0.1400044 0.1400044 0.1418624 0.1418624 0.1760876 0.1760876 0.1760876 0.0000000 0.0000010 0.0000010 0.0000010 0.0000010 0.0039162 0.1847817 0.2793884 0.2402460 0.2053165 0.2052021 1.7518592 
B._sp._Eidolon.helvum_Eh6-0910-A111           1.0338662 1.4042991 0.9426664 0.8203344 0.9737027 0.9737027 0.8937746 0.9869063 0.9869063 0.9613764 0.9947324 1.0983279 0.8134011 0.8254762 0.8582214 0.7090011 0.8123813 0.7157776 0.7095692 0.8502979 0.7857253 0.6191385 0.6900614 0.6254143 0.6537836 0.6176878 0.6291713 0.6254143 0.6291713 0.6401094 0.5931653 0.6320801 0.6124483 0.6174989 0.6124483 0.7109766 0.6903062 1.0364620 0.9615105 0.2371630 0.3537935 0.1769623 0.1370745 0.1370745 0.1400044 0.1388529 0.1388529 0.1760876 0.1722810 0.1722810 0.0000010 0.0000000 0.0000010 0.0000010 0.0000010 0.0038446 0.1847817 0.2793884 0.2349620 0.2026103 0.2007581 1.7021018 
B._sp._Eidolon.helvum_Eh6-0910-A115           1.0338662 1.4042991 0.9426664 0.8203344 0.9737027 0.9737027 0.8937746 0.9869063 0.9869063 0.9613764 0.9947324 1.0983279 0.8134011 0.8254762 0.8582214 0.7090011 0.8123813 0.7157776 0.7095692 0.8502979 0.7857253 0.6191385 0.6900614 0.6254143 0.6537836 0.6176878 0.6291713 0.6254143 0.6291713 0.6401094 0.5931653 0.6320801 0.6124483 0.6174989 0.6124483 0.7109766 0.6903062 1.0364620 0.9615105 0.2371630 0.3537935 0.1769623 0.1370745 0.1370745 0.1400044 0.1388529 0.1388529 0.1760876 0.1722810 0.1722810 0.0000010 0.0000010 0.0000000 0.0000010 0.0000010 0.0038446 0.1847817 0.2793884 0.2349620 0.2026103 0.2007581 1.7021018 
B._sp._Eidolon.helvum_Eh6-1110-BJ1            1.0565937 1.3886096 0.9426664 0.8255348 0.9737027 0.9737027 0.8809293 0.9869063 0.9869063 0.9613764 0.9947324 1.0983279 0.8134011 0.8308978 0.8582214 0.7090011 0.8123813 0.7157776 0.7315528 0.8502979 0.7912906 0.6191385 0.6900614 0.6433332 0.6537836 0.6176878 0.6472827 0.6433332 0.6472827 0.6597272 0.6121803 0.6320801 0.6300162 0.6300162 0.6300162 0.7109766 0.6903062 1.0364620 0.9683494 0.2371630 0.3537935 0.1769623 0.1405251 0.1405251 0.1405251 0.1423992 0.1423992 0.1768055 0.1768055 0.1768055 0.0000010 0.0000010 0.0000010 0.0000000 0.0000010 0.0039258 0.1847817 0.2793884 0.2413324 0.2061875 0.2060765 1.7676026 
B._sp._Eidolon.helvum_Eh6-0710-A095           1.0256382 1.4264983 0.9426664 0.8389578 0.9737027 0.9737027 0.9161275 0.9869063 0.9869063 0.9613764 0.9947324 1.0983279 0.8134011 0.8028901 0.8582214 0.7090011 0.8123813 0.7157776 0.7193019 0.8502979 0.7857253 0.6191385 0.6900614 0.6541356 0.6537836 0.6176878 0.6541356 0.6541356 0.6541356 0.6541356 0.5931653 0.6320801 0.6398639 0.6455485 0.6398639 0.7538055 0.6903062 1.0364620 0.9557106 0.2371630 0.3537935 0.1786915 0.1357319 0.1357319 0.1388424 0.1436922 0.1436922 0.1841668 0.1799336 0.1799336 0.0000010 0.0000010 0.0000010 0.0000010 0.0000000 0.0000010 0.1847817 0.3013717 0.2483558 0.2118164 0.2108649 1.7364884 
B._sp._Eidolon.helvum_Eh6-0510-A151           1.0167459 1.3789303 0.9426664 0.8437227 0.9737027 0.9737027 0.9194252 0.9869063 0.9869063 0.9613764 0.9947324 1.0983279 0.8134011 0.8497812 0.8582214 0.7090011 0.8123813 0.7157776 0.7219381 0.8502979 0.7857253 0.6191385 0.6900614 0.6441494 0.6537836 0.6176878 0.6441494 0.6441494 0.6441494 0.6401094 0.5931653 0.6320801 0.6309799 0.6361877 0.6309799 0.7336909 0.6903062 1.0364620 0.9507321 0.2371630 0.3537935 0.1871359 0.1448156 0.1448156 0.1479272 0.1467475 0.1467475 0.1851966 0.1811790 0.1811790 0.0039162 0.0038446 0.0038446 0.0039258 0.0000010 0.0000000 0.1847817 0.2937006 0.2455907 0.2112877 0.2103892 1.7378564 
B._sp._Eidolon.helvum_Eh6-1109-Q131           1.0593243 1.3532023 0.9401490 0.7721737 0.9478724 0.9478724 0.8478272 0.9605730 0.9605730 0.9359154 0.9681235 1.0674813 0.7793814 0.7051872 0.7971587 0.7955806 0.8298686 0.7205617 0.6821167 0.9274094 0.8268643 0.6637442 0.7495153 0.6405146 0.7000664 0.6732505 0.6405146 0.6405146 0.6405146 0.6405146 0.6258222 0.6887290 0.6258222 0.6258222 0.6258222 0.6777682 0.7383240 1.1660431 0.9859856 0.2545194 0.2735857 0.1881028 0.1769982 0.1769982 0.1769982 0.1639050 0.1639050 0.1632626 0.1632626 0.1632626 0.1847817 0.1847817 0.1847817 0.1847817 0.1847817 0.1847817 0.0000000 0.2418439 0.2036567 0.1860438 0.1766562 1.6733536 
B._sp._Eidolon.helvum_Eh6-0310-A146           1.2021021 1.9140909 1.1306044 1.1474209 1.2373045 1.2373045 1.1891484 1.2212418 1.2212418 1.1869228 1.2319447 1.2814849 0.9392112 1.0491960 0.9649271 0.8956059 0.9709084 0.7499480 0.7698940 1.2047652 1.1893656 0.8406573 1.1118228 0.9075016 0.8944403 0.8427729 0.9152143 0.9075016 0.9152143 0.9268003 0.8783032 0.8664016 0.8876770 0.8876770 0.8876770 0.8876770 0.9517885 1.0938486 1.1132050 0.3244925 0.3912358 0.2070786 0.2071960 0.2071960 0.2071960 0.1818289 0.1818289 0.1889696 0.1889696 0.1889696 0.2793884 0.2793884 0.2793884 0.2793884 0.3013717 0.2937006 0.2418439 0.0000000 0.0000010 0.0419677 0.0358365 1.6995240 
B._sp._Eidolon.helvum_Eh6-170112-D074         1.0136175 1.5300555 0.9119497 0.8801883 0.9567516 0.9567516 0.9055361 0.9445405 0.9445405 0.9195145 0.9522002 1.0039963 0.7335998 0.7630799 0.7536140 0.7232075 0.7702555 0.6516715 0.6612825 0.9347215 0.8767084 0.6640491 0.7909753 0.6866242 0.7012171 0.6631842 0.6910033 0.6866242 0.6910033 0.6881871 0.6485419 0.6788647 0.6726177 0.6783367 0.6726177 0.7500216 0.7404053 1.0239925 0.9588956 0.2617107 0.3912358 0.1923178 0.1743414 0.1743414 0.1780518 0.1503053 0.1503053 0.1653804 0.1620120 0.1620120 0.2402460 0.2349620 0.2349620 0.2413324 0.2483558 0.2455907 0.2036567 0.0000010 0.0000000 0.0380695 0.0329356 1.6160877 
