23
B._apis_BBC0122_NZ_CP015625                 0.0000000 3.6514503 6.1095283 5.5252936 6.5193845 6.3777831 6.6398153 5.5196567 7.9988732 7.7745496 8.2784347 7.7745496 7.9720691 8.2078126 8.3167401 8.0936072 8.0222339 8.5688705 7.7343217 8.8420806 6.3741680 6.9374182 4.3871532 
B._tamiae_Th239_NZ_JH725147                 3.6514503 0.0000000 4.2863129 3.0194808 3.5626313 3.3933609 3.3544881 3.1295318 3.8062600 3.7150715 3.9706218 3.7150715 3.9234404 3.9202132 4.0211921 3.9200430 4.0882529 4.1141680 4.3979118 3.9231621 4.2257398 4.6674623 5.5300553 
B._sp._Eidolon.helvum_E1-105_HM363770       6.1095283 4.2863129 0.0000000 0.2901048 0.2415433 0.6266618 0.5234378 0.7069241 1.3129568 1.2678035 1.3129568 1.2678035 1.3618397 1.3671705 1.3732438 1.3254384 1.3464577 1.6801832 1.2673746 1.2031299 1.1557528 1.8230962 6.3442531 
B._sp._Eidolon.helvum_E2-114_HM363771       5.5252936 3.0194808 0.2901048 0.0000000 0.1672810 0.5289809 0.6051901 0.6389822 1.3762522 1.3353818 1.4555732 1.3353818 1.4309280 1.4351486 1.4480577 1.4476362 1.3347005 1.5513527 1.2899397 1.3621780 1.2371358 1.5962928 5.7827545 
B._sp._Eidolon.helvum_E5_B40014_KJ999689    6.5193845 3.5626313 0.2415433 0.1672810 0.0000000 0.4352095 0.5817653 0.6189142 1.2678425 1.2267364 1.3481239 1.2267364 1.3231779 1.3284480 1.4249209 1.3412102 1.2461365 1.4564038 1.1971602 1.2821964 1.0923243 1.4807657 5.8015124 
B._sp._Eidolon.helvum_Ew-111_HM363773       6.3777831 3.3933609 0.6266618 0.5289809 0.4352095 0.0000000 0.7266137 0.6665982 1.2881579 1.2516225 1.3429345 1.2516225 1.3368798 1.3413815 1.3932161 1.3223491 1.3000316 1.5047610 1.2565159 1.2553417 1.1204922 1.8053554 5.4089946 
B._sp._Eidolon.helvum_E4_B39301_KJ999687    6.6398153 3.3544881 0.5234378 0.6051901 0.5817653 0.7266137 0.0000000 0.6854496 1.3369668 1.2977769 1.3964382 1.2977769 1.3731541 1.3937348 1.4341562 1.3894992 1.4540969 1.5645782 1.3396865 1.3348622 1.0255088 1.2275104 6.5801182 
B._sp._Eidolon.helvum_E3-106_HM363772       5.5196567 3.1295318 0.7069241 0.6389822 0.6189142 0.6665982 0.6854496 0.0000000 1.4029298 1.3622765 1.4817736 1.3622765 1.4410859 1.4612458 1.4446408 1.4736328 1.3735091 1.5143352 1.6737211 1.4300564 1.5100483 1.9414565 5.9229516 
B._sp._Eidolon.helvum_Eh6-0110-R117         7.9988732 3.8062600 1.3129568 1.3762522 1.2678425 1.2881579 1.3369668 1.4029298 0.0000000 0.0000010 0.0000010 0.0000010 0.0000010 0.0029159 0.0030132 0.0029343 0.0062719 0.0000010 0.0205912 0.0191150 1.7437041 2.8064055 6.8360223 
B._sp._Eidolon.helvum_Eh6-0510-A110         7.7745496 3.7150715 1.2678035 1.3353818 1.2267364 1.2516225 1.2977769 1.3622765 0.0000010 0.0000000 0.0000010 0.0000010 0.0000010 0.0029066 0.0030132 0.0029343 0.0062719 0.0000010 0.0205912 0.0225119 1.7437041 2.7085174 6.7199752 
B._sp._Eidolon.helvum_Eh6-1109-Q135         8.2784347 3.9706218 1.3129568 1.4555732 1.3481239 1.3429345 1.3964382 1.4817736 0.0000010 0.0000010 0.0000000 0.0000010 0.0000010 0.0029659 0.0030132 0.0000010 0.0063072 0.0000010 0.0205912 0.0191150 1.8371782 2.9967816 6.9914725 
B._sp._Eidolon.helvum_Eh6-0510-A106         7.7745496 3.7150715 1.2678035 1.3353818 1.2267364 1.2516225 1.2977769 1.3622765 0.0000010 0.0000010 0.0000010 0.0000000 0.0000010 0.0029066 0.0030132 0.0029343 0.0062719 0.0000010 0.0205912 0.0225119 1.7437041 2.7085174 6.7199752 
B._sp._Eidolon.helvum_Eh6-170112-D086       7.9720691 3.9234404 1.3618397 1.4309280 1.3231779 1.3368798 1.3731541 1.4410859 0.0000010 0.0000010 0.0000010 0.0000010 0.0000000 0.0000010 0.0030132 0.0029615 0.0062719 0.0000010 0.0205912 0.0193638 1.8035101 2.9360208 6.8156592 
B._sp._Eidolon.helvum_Eh6-170112-D094       8.2078126 3.9202132 1.3671705 1.4351486 1.3284480 1.3413815 1.3937348 1.4612458 0.0029159 0.0029066 0.0029659 0.0029066 0.0000010 0.0000000 0.0030132 0.0059394 0.0062719 0.0000010 0.0205912 0.0260796 1.8203383 2.9323043 6.9480922 
B._sp._Eidolon.helvum_Eh6-1109-Q131         8.3167401 4.0211921 1.3732438 1.4480577 1.4249209 1.3932161 1.4341562 1.4446408 0.0030132 0.0030132 0.0030132 0.0030132 0.0030132 0.0030132 0.0000000 0.0030132 0.0095270 0.0033489 0.0242084 0.0229830 1.9382336 3.0561750 7.1073389 
B._sp._Eidolon.helvum_Eh6-0110-R70          8.0936072 3.9200430 1.3254384 1.4476362 1.3412102 1.3223491 1.3894992 1.4736328 0.0029343 0.0029343 0.0000010 0.0029343 0.0029615 0.0059394 0.0030132 0.0000000 0.0062719 0.0033191 0.0205912 0.0191706 1.8221470 2.9543679 6.9043385 
B._sp._Eidolon.helvum_Eh6-0110-R12          8.0222339 4.0882529 1.3464577 1.3347005 1.2461365 1.3000316 1.4540969 1.3735091 0.0062719 0.0062719 0.0063072 0.0062719 0.0062719 0.0062719 0.0095270 0.0062719 0.0000000 0.0067916 0.0282741 0.0276286 2.0372829 2.7318317 7.2226655 
B._sp._Eidolon.helvum_Eh6-170112-D053       8.5688705 4.1141680 1.6801832 1.5513527 1.4564038 1.5047610 1.5645782 1.5143352 0.0000010 0.0000010 0.0000010 0.0000010 0.0000010 0.0000010 0.0033489 0.0033191 0.0067916 0.0000000 0.0215650 0.0219466 2.1083627 3.2472980 7.5304682 
B._sp._Eidolon.helvum_Eh6-0110-R4           7.7343217 4.3979118 1.2673746 1.2899397 1.1971602 1.2565159 1.3396865 1.6737211 0.0205912 0.0205912 0.0205912 0.0205912 0.0205912 0.0205912 0.0242084 0.0205912 0.0282741 0.0215650 0.0000000 0.0367926 1.8304559 2.9098021 7.0051395 
B._sp._Eidolon.helvum_Eh6-0110-R35          8.8420806 3.9231621 1.2031299 1.3621780 1.2821964 1.2553417 1.3348622 1.4300564 0.0191150 0.0225119 0.0191150 0.0225119 0.0193638 0.0260796 0.0229830 0.0191706 0.0276286 0.0219466 0.0367926 0.0000000 1.7158844 3.4136482 7.2941266 
B._sp._Eidolon.helvum_Eh7-0110-R89          6.3741680 4.2257398 1.1557528 1.2371358 1.0923243 1.1204922 1.0255088 1.5100483 1.7437041 1.7437041 1.8371782 1.7437041 1.8035101 1.8203383 1.9382336 1.8221470 2.0372829 2.1083627 1.8304559 1.7158844 0.0000000 1.9073489 5.0981956 
B._sp._Eidolon.helvum_Eh7-0110-R16          6.9374182 4.6674623 1.8230962 1.5962928 1.4807657 1.8053554 1.2275104 1.9414565 2.8064055 2.7085174 2.9967816 2.7085174 2.9360208 2.9323043 3.0561750 2.9543679 2.7318317 3.2472980 2.9098021 3.4136482 1.9073489 0.0000000 6.5589592 
Brucella_abortus_Biovar-3_Tulya_NZ_DS999886 4.3871532 5.5300553 6.3442531 5.7827545 5.8015124 5.4089946 6.5801182 5.9229516 6.8360223 6.7199752 6.9914725 6.7199752 6.8156592 6.9480922 7.1073389 6.9043385 7.2226655 7.5304682 7.0051395 7.2941266 5.0981956 6.5589592 0.0000000 
