114
B._acomydis_KS2_1                               0.0000000 0.0959015 0.0975148 0.1363226 0.1752690 0.1894889 0.1912562 0.1789511 0.1623500 0.1449259 0.1717580 0.1741310 0.1694016 0.1494196 0.1536372 0.2787986 0.2407516 0.2194887 0.2478453 0.2321545 0.2658736 0.2186266 0.2305141 0.2480764 0.2665156 0.1942334 0.1709412 0.1690155 0.1677367 0.1988007 0.2186278 0.2366617 0.2927090 0.2701384 0.2481741 0.3122243 0.2544013 0.2494686 0.2437064 0.2718568 0.3083442 0.3031030 0.3069226 0.2833221 0.2798998 0.2739261 0.2706727 0.2673096 0.2776082 0.2478512 0.2769472 0.2064162 0.3446005 0.3451468 0.3105835 0.3363549 0.3685706 0.3227907 0.3277100 0.3172053 0.3041005 0.3584363 0.2123910 0.2591434 0.2542903 0.2622412 0.4311816 0.4247159 0.4102385 0.3989371 0.3329363 0.3683122 0.3635495 0.3525783 0.3328634 0.3373960 0.3207224 0.3436583 0.3270865 0.3471389 0.3196677 0.3244468 0.3608595 0.3966975 0.4180831 0.3936256 0.4415726 0.2859484 0.2821904 0.2995115 0.2610101 0.2713625 0.2661469 0.3191086 0.2185644 0.2800305 0.2572906 0.2760520 0.4282346 0.3477466 0.4218600 0.4417150 0.4351348 0.3739247 0.6656755 0.3051583 0.3048371 0.6644065 0.6310186 0.4770945 0.2856284 0.9309038 0.9752031 2.8692494 
B._birtlesii_IBS325                             0.0959015 0.0000000 0.0933047 0.1205403 0.1405255 0.1897194 0.2356715 0.2075772 0.1383177 0.1464966 0.1322961 0.1328426 0.1369957 0.1314752 0.1590214 0.2161429 0.1872232 0.2040687 0.1947009 0.1803911 0.2236805 0.1954157 0.1947727 0.2079772 0.2415176 0.1803613 0.1695984 0.1438707 0.1471214 0.1628346 0.2154964 0.2085334 0.2462954 0.2438193 0.2359559 0.3020182 0.2650070 0.2600825 0.2247758 0.2451354 0.2714959 0.2731835 0.2734439 0.2856748 0.2796172 0.2477668 0.2542674 0.2591825 0.2538378 0.2199148 0.2575258 0.2107375 0.3483209 0.3342349 0.3264089 0.3530920 0.3564741 0.3223186 0.3294696 0.3028997 0.2641023 0.3367306 0.2118380 0.2542725 0.2586193 0.2575495 0.3808941 0.3606865 0.3290093 0.3445329 0.3186878 0.3421769 0.3115038 0.3053689 0.2987940 0.3449271 0.3401953 0.3222588 0.2913762 0.3074103 0.2968201 0.2875212 0.3440893 0.3792101 0.4100737 0.3926565 0.3990471 0.2313754 0.2346441 0.2381409 0.2164375 0.2096209 0.2226071 0.3174360 0.2368555 0.2060346 0.2473550 0.2686222 0.3855934 0.3329695 0.3862026 0.3958302 0.4385532 0.3571814 0.5382874 0.2532076 0.2650563 0.6677324 0.6370780 0.4544254 0.2420602 0.8719860 0.9143744 2.5339713 
B._florenciae_R4                                0.0975148 0.0933047 0.0000000 0.1312248 0.1367083 0.2029271 0.2145471 0.2043673 0.1516514 0.1517586 0.1607450 0.1389945 0.1456835 0.1388199 0.1605243 0.2148686 0.2078729 0.1971659 0.2189479 0.1809987 0.2506689 0.1974273 0.1886959 0.1924923 0.2524812 0.1889575 0.1981620 0.1641738 0.1715144 0.1905076 0.2557880 0.2166847 0.2865432 0.2835694 0.2542804 0.2814749 0.2445083 0.2366441 0.2552478 0.2422798 0.2848985 0.2873022 0.2883708 0.2941145 0.2727037 0.2385437 0.2439297 0.2814553 0.2610355 0.2449751 0.2762156 0.2086526 0.3286131 0.3097769 0.3140051 0.3180293 0.3353874 0.3141361 0.3080286 0.3092424 0.2655050 0.3350101 0.1968701 0.2432384 0.2374140 0.2569883 0.3893889 0.3673316 0.3529966 0.3525797 0.3324114 0.3360759 0.3240552 0.3234049 0.3035824 0.3349364 0.3279200 0.3170741 0.2965629 0.3056581 0.2947503 0.2899113 0.3454897 0.3528267 0.3770965 0.3863279 0.3952147 0.2538607 0.2656293 0.2754900 0.2394998 0.2339953 0.2307028 0.3475871 0.2140263 0.2060159 0.2310621 0.2620587 0.4555769 0.3516300 0.4033950 0.4182496 0.4066355 0.3413238 0.5066310 0.2608388 0.3130628 0.6316616 0.6013362 0.5180625 0.2142840 0.8585963 0.8349048 2.2357157 
B._alsatica_IBS382                              0.1363226 0.1205403 0.1312248 0.0000000 0.1166526 0.1311889 0.1913631 0.1837980 0.1226450 0.1156904 0.1305996 0.1282380 0.1324711 0.1276423 0.1421827 0.1908550 0.1761273 0.1461211 0.1524581 0.1518625 0.1888902 0.1791997 0.1643203 0.1552509 0.1917364 0.1642572 0.1623843 0.1459163 0.1425553 0.1596203 0.1930683 0.1815044 0.2415672 0.2330083 0.2426819 0.2892144 0.2460633 0.2467058 0.2084904 0.1978454 0.2250700 0.2509820 0.2493966 0.2420548 0.2214572 0.2111875 0.2289688 0.2254628 0.2451857 0.2065112 0.2299211 0.1991982 0.2994287 0.2842479 0.2826141 0.3044154 0.3122374 0.3034240 0.3116175 0.2765041 0.2311071 0.3192631 0.1955700 0.2417288 0.2399213 0.2101503 0.3131495 0.2934724 0.2892645 0.3016974 0.2689492 0.3109434 0.2903493 0.2605216 0.2522475 0.2476843 0.2370082 0.2515042 0.2366710 0.2419474 0.2437734 0.2429588 0.3304474 0.2937938 0.3323139 0.3466768 0.3694570 0.2375265 0.2352759 0.2407370 0.2085093 0.1975158 0.2028953 0.2521322 0.2323793 0.2022673 0.2286956 0.2391445 0.3446913 0.2915188 0.3655566 0.3505926 0.3594334 0.2951787 0.4579277 0.2880054 0.2973103 0.5865227 0.5680487 0.4638468 0.2260768 0.7309150 0.9393723 1.8577574 
B._phoceensis_16120                             0.1752690 0.1405255 0.1367083 0.1166526 0.0000000 0.1401484 0.1967648 0.1876041 0.1328748 0.1377521 0.1468591 0.1268116 0.1275695 0.1448519 0.1580680 0.1898817 0.1889130 0.2042668 0.1958739 0.1748292 0.2455053 0.2049356 0.1840362 0.1678242 0.2110962 0.1732412 0.1806711 0.1609060 0.1434818 0.1576324 0.2057551 0.2212199 0.2610251 0.2510871 0.2368781 0.2707951 0.2307962 0.2317883 0.2128679 0.2141085 0.2433360 0.2714029 0.2671453 0.2737337 0.2588470 0.2324582 0.2366914 0.2369740 0.2196086 0.2129730 0.2582577 0.2259773 0.3379168 0.3123375 0.2853341 0.3201649 0.3546888 0.3116554 0.3263741 0.3125400 0.2406349 0.3462985 0.1770295 0.2260547 0.2293750 0.2363639 0.3217178 0.3232515 0.3098369 0.3156855 0.3365901 0.3426943 0.3119026 0.3129247 0.2551044 0.2381636 0.2485789 0.2345067 0.2142752 0.2241367 0.2197496 0.2816039 0.3335172 0.2975836 0.3463462 0.3538417 0.3858715 0.2348323 0.2515939 0.2412854 0.2233358 0.2010287 0.2250572 0.2888741 0.2361198 0.2066518 0.2269877 0.2380398 0.3651391 0.2994142 0.4010390 0.3753321 0.3750917 0.3627891 0.5419482 0.2144705 0.2464310 0.6150795 0.5970899 0.5270473 0.2247784 0.8157490 0.9063090 1.9862432 
B._callosciuri_BR1_1                            0.1894889 0.1897194 0.2029271 0.1311889 0.1401484 0.0000000 0.1862479 0.1813047 0.1279277 0.1257047 0.1317693 0.1258729 0.1568232 0.1801651 0.1533466 0.2221558 0.1975444 0.1909140 0.1819061 0.1554243 0.2297514 0.1821233 0.1505832 0.1599565 0.1670801 0.1722155 0.1723351 0.1732135 0.1678460 0.1784206 0.2001064 0.2434847 0.2380967 0.2285997 0.2268487 0.2777491 0.2260301 0.2198983 0.2005861 0.2093893 0.2101227 0.2360419 0.2551775 0.2410298 0.2254004 0.2396680 0.2363572 0.2312228 0.2375338 0.2106648 0.2269164 0.1950905 0.2645169 0.2832127 0.2542701 0.3074417 0.3200158 0.3207944 0.3099054 0.3123897 0.2144313 0.2916689 0.2121071 0.2819295 0.2681252 0.2459900 0.3155494 0.3288419 0.3224721 0.3274853 0.3202030 0.3381150 0.2890534 0.2981054 0.2534060 0.2478162 0.2357173 0.2611738 0.2479395 0.2607093 0.2532583 0.2666421 0.3111073 0.3385120 0.3004212 0.3311307 0.3249373 0.2144401 0.2283592 0.2178282 0.2063580 0.1888529 0.2075015 0.2619061 0.2130771 0.1979326 0.2056823 0.1989203 0.3243316 0.3096493 0.4082855 0.3943630 0.3802641 0.3561732 0.6274664 0.2348648 0.2904047 0.6116721 0.5667356 0.5585207 0.2307152 0.8324492 0.9944499 1.7887566 
B._coopersplainsensis_AUST_NH20                 0.1912562 0.2356715 0.2145471 0.1913631 0.1967648 0.1862479 0.0000000 0.0513499 0.1747968 0.1775857 0.1883402 0.2034597 0.2276549 0.2399170 0.2391442 0.2501501 0.2527435 0.2322011 0.2412335 0.2576714 0.2433086 0.2136945 0.2085068 0.2195620 0.2339970 0.2046149 0.2280030 0.2254339 0.2078140 0.2340525 0.2810528 0.3442381 0.2978078 0.2930445 0.2585818 0.3180220 0.2417066 0.2524808 0.2711970 0.2131945 0.3134866 0.2924266 0.3214385 0.2810636 0.2744522 0.2531807 0.2657582 0.3028833 0.2965759 0.2702672 0.3005739 0.1323510 0.3228410 0.3166612 0.3321586 0.3395595 0.3559403 0.3642310 0.3571176 0.3520332 0.2894234 0.4135162 0.2819845 0.3554872 0.3533269 0.3384507 0.4121705 0.4301899 0.4145315 0.4103062 0.3984943 0.4288746 0.3827195 0.3609322 0.3963281 0.3716248 0.3743552 0.3970230 0.3829625 0.3971117 0.3720883 0.3313157 0.4166731 0.4083829 0.4332632 0.4015909 0.4570716 0.2895751 0.2816059 0.2921663 0.2600085 0.2388544 0.2406179 0.3102896 0.2841733 0.3094567 0.3100888 0.3362760 0.4351327 0.3010567 0.4454545 0.4701729 0.4655142 0.4517528 0.6185296 0.3750609 0.3878222 0.5734343 0.5357899 0.5878410 0.4028043 0.8600559 1.0657458 2.0823161 
B._japonica_Fuji_18_1                           0.1789511 0.2075772 0.2043673 0.1837980 0.1876041 0.1813047 0.0513499 0.0000000 0.1574033 0.1692849 0.1797921 0.2055284 0.2303343 0.2246822 0.2292673 0.2274945 0.2169239 0.1964247 0.2055533 0.2248724 0.2239413 0.2323702 0.1994224 0.1926828 0.2229512 0.1817976 0.2128844 0.2042323 0.1941453 0.2098100 0.2524302 0.3261266 0.2794919 0.2576521 0.2359530 0.2962023 0.2042032 0.2163088 0.2716268 0.2111937 0.2874088 0.2569376 0.3095490 0.2509050 0.2439488 0.2354114 0.2456490 0.2789723 0.2693012 0.2418679 0.2815989 0.1167569 0.3360978 0.3142012 0.3197560 0.3395284 0.3524489 0.3577165 0.3580153 0.3343581 0.2957664 0.4111105 0.2858624 0.3404974 0.3116113 0.3533039 0.3834540 0.3902789 0.3571569 0.3617504 0.3531939 0.3822023 0.3341907 0.3295038 0.3548039 0.3474786 0.3407576 0.3590146 0.3390324 0.3599721 0.3323864 0.3285414 0.3747953 0.3780955 0.3831396 0.3776677 0.4574992 0.2694008 0.2674424 0.2760206 0.2400251 0.2363224 0.2272274 0.2821144 0.2650769 0.2920157 0.2657752 0.2986308 0.3710200 0.3020779 0.4236843 0.4407160 0.4180131 0.4142035 0.6439484 0.3922867 0.3980607 0.6415398 0.5971882 0.6238905 0.3568862 0.8127222 1.0741745 1.8539302 
B._vinsonii_arupensis_Pm136co                   0.1623500 0.1383177 0.1516514 0.1226450 0.1328748 0.1279277 0.1747968 0.1574033 0.0000000 0.0338119 0.0414597 0.1138984 0.1569922 0.1361650 0.1591141 0.1856475 0.1807865 0.1466679 0.1363631 0.1302880 0.1753257 0.1787419 0.1382302 0.1490767 0.1498155 0.1184836 0.1257881 0.1246545 0.1235954 0.1294728 0.1691641 0.1537363 0.2190876 0.2060618 0.1928447 0.2359478 0.1839980 0.2005339 0.1682206 0.1628394 0.2044332 0.2364073 0.1997992 0.2355146 0.2219047 0.2097023 0.2018234 0.2015566 0.2130865 0.1938940 0.1870070 0.1795559 0.2634529 0.2545581 0.2502457 0.3023504 0.3014498 0.2458797 0.2651073 0.2375595 0.1939404 0.2805101 0.2081411 0.2147544 0.2063760 0.1935611 0.2776445 0.2657218 0.2525470 0.2528755 0.2764404 0.2917053 0.2467827 0.2601085 0.2624286 0.2702397 0.2608676 0.2575442 0.2419268 0.2499809 0.2389566 0.2453078 0.2672419 0.3322047 0.2968274 0.3151594 0.3381833 0.1765265 0.1969156 0.1849221 0.1755403 0.1621650 0.1566050 0.2718201 0.2230414 0.1856465 0.2013420 0.2096293 0.3501149 0.2629539 0.3664819 0.2988418 0.3420181 0.3475644 0.4687401 0.1952030 0.2147295 0.5091358 0.5304226 0.5063332 0.2277545 0.8232348 1.0124587 2.0562709 
B._vinsonii_vinsonii_Baker                      0.1449259 0.1464966 0.1517586 0.1156904 0.1377521 0.1257047 0.1775857 0.1692849 0.0338119 0.0000000 0.0402060 0.1130078 0.1469128 0.1442475 0.1659477 0.1980658 0.1827595 0.1563956 0.1512480 0.1634703 0.1859628 0.1671585 0.1622718 0.1771939 0.1757529 0.1506117 0.1360088 0.1344231 0.1301124 0.1420044 0.1784215 0.1708364 0.2332551 0.2237103 0.2087414 0.2479510 0.1863035 0.1975550 0.1820014 0.1763922 0.2038469 0.2341062 0.2136368 0.2399837 0.2315175 0.2292215 0.2380436 0.2192863 0.2345071 0.2145503 0.1997545 0.1896962 0.2612655 0.2749785 0.2722628 0.3066939 0.3313636 0.2811997 0.3001246 0.2634522 0.2248405 0.2717013 0.1961683 0.2317869 0.2036820 0.1985475 0.3186014 0.2978404 0.2803759 0.2804757 0.2776742 0.3219715 0.2587806 0.2693273 0.2635045 0.2482123 0.2426390 0.2511778 0.2378078 0.2466601 0.2490298 0.2248595 0.2885365 0.3329409 0.2909066 0.2995539 0.3217671 0.2060024 0.2167310 0.2124288 0.1976113 0.1750140 0.1784376 0.2779629 0.2273849 0.2058939 0.2011967 0.2143536 0.3744744 0.2698842 0.4049981 0.3554791 0.3667481 0.3368207 0.5077536 0.1852814 0.2110110 0.5197696 0.5294898 0.5158790 0.2558641 0.9062967 1.0559572 2.3546273 
B._vinsonii_berkhoffii_Tweed                    0.1717580 0.1322961 0.1607450 0.1305996 0.1468591 0.1317693 0.1883402 0.1797921 0.0414597 0.0402060 0.0000000 0.1178315 0.1641908 0.1630744 0.1808931 0.2001766 0.1762471 0.1539653 0.1499359 0.1504114 0.1919148 0.1686023 0.1527519 0.1649749 0.1740575 0.1385883 0.1342885 0.1301855 0.1297393 0.1333998 0.1667846 0.1720689 0.2139527 0.2014798 0.1971953 0.2464947 0.2023790 0.2135564 0.1723382 0.1757108 0.2224223 0.2378176 0.2271713 0.2581881 0.2482049 0.2256438 0.2257059 0.2204682 0.1998848 0.1778877 0.1853027 0.1845218 0.2729876 0.2709373 0.2594323 0.3045972 0.2969537 0.2678117 0.2785431 0.2498710 0.2040648 0.2627127 0.2258279 0.2498164 0.2377356 0.2141530 0.2823839 0.2738694 0.2523137 0.2647583 0.2866521 0.2873465 0.2495625 0.2552008 0.2586541 0.2757878 0.2665959 0.2621569 0.2466795 0.2593727 0.2499796 0.2485585 0.2841655 0.3141639 0.2803014 0.3121875 0.3065828 0.1818660 0.1879886 0.1927005 0.1801678 0.1636147 0.1726209 0.2735820 0.2303991 0.2013297 0.2160724 0.2225112 0.3553702 0.2777120 0.3590656 0.3204967 0.3399576 0.3292465 0.4790318 0.2044398 0.2043514 0.5294922 0.5350198 0.4944210 0.2490916 0.8148230 0.9463582 1.9108488 
B._taylorii_8TBB                                0.1741310 0.1328426 0.1389945 0.1282380 0.1268116 0.1258729 0.2034597 0.2055284 0.1138984 0.1130078 0.1178315 0.0000000 0.1655966 0.1312426 0.1502082 0.1781969 0.1773598 0.1758683 0.1708704 0.1395421 0.1941595 0.2083064 0.1712699 0.1851854 0.1832346 0.1394961 0.1569992 0.1320345 0.1475175 0.1551441 0.2109442 0.1970233 0.2361523 0.2337711 0.2193917 0.2703907 0.2072044 0.2354061 0.2111122 0.2010097 0.2605085 0.2685467 0.2570434 0.2592268 0.2458085 0.2140862 0.2142150 0.2308709 0.2319160 0.2082544 0.2294974 0.1969878 0.3205977 0.3145589 0.2703012 0.3362862 0.3487884 0.3151484 0.3302284 0.3206872 0.2488460 0.3330294 0.1746546 0.2405179 0.2226659 0.2185305 0.2915872 0.2966458 0.2951100 0.3137787 0.2819942 0.3207794 0.2867872 0.3054497 0.2814399 0.2558067 0.2661935 0.2517545 0.2376364 0.2492319 0.2568474 0.2628677 0.3220340 0.3609997 0.2984792 0.2888131 0.3212449 0.2203069 0.2249806 0.2245500 0.2100925 0.1765399 0.2069171 0.3206473 0.2208248 0.1743721 0.2351786 0.2401284 0.3613446 0.3131391 0.3734904 0.3885860 0.4034219 0.3580912 0.6021444 0.1958878 0.2108892 0.5937910 0.5909139 0.4570082 0.2368575 0.9234737 0.9665742 1.9584311 
B._pachyuromydis_FN15_2                         0.1694016 0.1369957 0.1456835 0.1324711 0.1275695 0.1568232 0.2276549 0.2303343 0.1569922 0.1469128 0.1641908 0.1655966 0.0000000 0.1012735 0.1179353 0.2608719 0.2406758 0.2361276 0.2448566 0.2383405 0.2608793 0.2182265 0.2146347 0.2201696 0.2804374 0.2073235 0.2176471 0.2048251 0.1874131 0.2171983 0.2543896 0.2682704 0.3148043 0.3049730 0.2828395 0.3320953 0.2745417 0.2876789 0.2473571 0.2446928 0.2669229 0.3070347 0.3539476 0.3037933 0.2911276 0.3000946 0.2868738 0.2786770 0.3045020 0.2586628 0.3089575 0.2433562 0.3806028 0.3697633 0.3446065 0.4120330 0.4195411 0.4097770 0.4125576 0.3591136 0.3233506 0.3532202 0.2039514 0.2425836 0.2636585 0.2680273 0.4102911 0.4308636 0.3813393 0.3861541 0.3513195 0.4230404 0.3552807 0.3124458 0.3193267 0.3066966 0.3084215 0.3131397 0.3109079 0.3098711 0.3072272 0.3544595 0.3927755 0.4144902 0.4097483 0.4176755 0.4363216 0.2994198 0.2924642 0.3057014 0.2602452 0.2416385 0.2629860 0.3606853 0.2260817 0.2434933 0.2255638 0.2363963 0.3899686 0.3629719 0.5152212 0.4693698 0.5052847 0.3953030 0.5867785 0.2625004 0.2656578 0.6377088 0.5894106 0.5423406 0.2730574 0.9434522 0.9962340 2.0108256 
B._sp._Meriones.libycus_B29771                  0.1494196 0.1314752 0.1388199 0.1276423 0.1448519 0.1801651 0.2399170 0.2246822 0.1361650 0.1442475 0.1630744 0.1312426 0.1012735 0.0000000 0.0664999 0.1994163 0.2070852 0.2258955 0.2073915 0.2004809 0.2322666 0.2290097 0.1980049 0.1909173 0.2373330 0.1630725 0.2089003 0.1782944 0.1756855 0.1948492 0.2829073 0.2494449 0.2618323 0.2631945 0.2511146 0.2942200 0.2525384 0.2612284 0.2277303 0.2355619 0.2764392 0.2853924 0.2880068 0.2860212 0.2794420 0.2566893 0.2459369 0.2598512 0.2630159 0.2332003 0.2724833 0.2409112 0.3406480 0.3322134 0.3079020 0.3289637 0.3749350 0.3371939 0.3416791 0.3351386 0.2687431 0.3692446 0.1948666 0.2558010 0.2517467 0.2848101 0.3841505 0.3790398 0.3570215 0.3709254 0.3490732 0.3627069 0.3053149 0.2853012 0.3025070 0.3033038 0.3264730 0.3078850 0.2875665 0.3060631 0.2997916 0.2980683 0.3484338 0.4013169 0.3621237 0.3474048 0.3862260 0.2427762 0.2506188 0.2595793 0.2311947 0.2126040 0.2388477 0.3470798 0.2251997 0.2371822 0.2084007 0.2336823 0.4529188 0.3331316 0.4530077 0.4229742 0.4614552 0.3711131 0.5649416 0.2496360 0.2493431 0.6041667 0.6246414 0.4974318 0.2549928 0.9588427 0.9779921 2.0925544 
B._sp._Sekeetamys.calurus_FG1_1                 0.1536372 0.1590214 0.1605243 0.1421827 0.1580680 0.1533466 0.2391442 0.2292673 0.1591141 0.1659477 0.1808931 0.1502082 0.1179353 0.0664999 0.0000000 0.2486533 0.2489825 0.2507791 0.2418114 0.2230518 0.2718274 0.2408304 0.2167375 0.2046122 0.2730172 0.2088612 0.2157489 0.2041463 0.1912912 0.2260843 0.2737216 0.2721683 0.3119681 0.3169654 0.2829933 0.3701179 0.2870425 0.2892827 0.2673102 0.2729293 0.3213058 0.3198710 0.3506965 0.3221195 0.3211661 0.3153174 0.3005064 0.3011895 0.3066545 0.2906522 0.3094502 0.2505258 0.3250252 0.3346671 0.3527395 0.3726963 0.4070293 0.4257831 0.4103235 0.4032120 0.3216788 0.4281921 0.2408456 0.2727740 0.2914204 0.3347170 0.4339888 0.4350249 0.4203090 0.4247840 0.3691840 0.4433973 0.3943724 0.3411590 0.3483770 0.3084527 0.3194536 0.3313206 0.3175596 0.3388671 0.3210687 0.3236166 0.4120584 0.4429616 0.4250623 0.4222941 0.4406872 0.2874283 0.2851807 0.3248768 0.2810174 0.2497255 0.2636004 0.3471723 0.2404049 0.2627306 0.2163372 0.2421247 0.4602883 0.3633007 0.4494055 0.4263315 0.4470010 0.4040684 0.6196748 0.3129733 0.2984174 0.6479029 0.6486550 0.5903490 0.3035709 0.9437636 1.0931744 2.0413928 
B._sp._Chaerephon.plicatus_SK157                0.2787986 0.2161429 0.2148686 0.1908550 0.1898817 0.2221558 0.2501501 0.2274945 0.1856475 0.1980658 0.2001766 0.1781969 0.2608719 0.1994163 0.2486533 0.0000000 0.0918351 0.2105416 0.1943843 0.1708851 0.2354278 0.2312858 0.2156041 0.1896916 0.2131846 0.1992513 0.2177804 0.1675468 0.1811973 0.1911873 0.2805629 0.2268243 0.2279188 0.2148530 0.2941966 0.3058464 0.2399977 0.2597122 0.2240967 0.2257797 0.2661967 0.2645909 0.2713902 0.2534035 0.2448818 0.2248997 0.2218730 0.2753673 0.2410891 0.2363164 0.2623059 0.2464099 0.3049329 0.2915104 0.2903157 0.3224737 0.3431634 0.3046460 0.3060601 0.3055194 0.2605920 0.3627227 0.2674007 0.3640962 0.3170896 0.3421154 0.3175583 0.3107246 0.2717314 0.2673548 0.2817541 0.2800230 0.2583232 0.2853732 0.2897850 0.2743469 0.2915549 0.2697796 0.2369579 0.2747315 0.2552610 0.2400865 0.3164580 0.3041534 0.3255484 0.2860023 0.3682329 0.2606368 0.2700537 0.2869811 0.2477774 0.2342908 0.2271055 0.2908690 0.3218537 0.2555333 0.2582845 0.2741312 0.3940582 0.3203539 0.4259052 0.4150824 0.3968445 0.3706169 0.5118163 0.3561827 0.3972211 0.6083691 0.5879462 0.4879813 0.2934688 0.9224664 1.0375045 2.1978213 
B._sp._Chaerephon.plicatus_SK194                0.2407516 0.1872232 0.2078729 0.1761273 0.1889130 0.1975444 0.2527435 0.2169239 0.1807865 0.1827595 0.1762471 0.1773598 0.2406758 0.2070852 0.2489825 0.0918351 0.0000000 0.1921777 0.1910859 0.1715884 0.2135011 0.2135047 0.2069671 0.1782533 0.2305485 0.2041140 0.2401331 0.1952742 0.1798766 0.1978592 0.2622159 0.2463983 0.2148077 0.2017909 0.2324741 0.2676731 0.2200792 0.2259954 0.2152978 0.2242013 0.2528636 0.2704150 0.2549030 0.2760344 0.2815557 0.2626732 0.2596434 0.2765914 0.2218133 0.2156207 0.2465937 0.2500684 0.3205562 0.3078584 0.2813520 0.3213956 0.3459319 0.3034216 0.3004192 0.2892588 0.2203799 0.2999174 0.2675970 0.3560892 0.2999137 0.2965360 0.3135741 0.2947969 0.2544421 0.2652132 0.2560684 0.2805642 0.2527339 0.2937911 0.2854721 0.2776105 0.2890681 0.2745640 0.2503443 0.2753316 0.2596241 0.2239138 0.2860753 0.3069706 0.3241635 0.3142888 0.3386116 0.2572433 0.2500750 0.2592826 0.2379957 0.2341057 0.2346055 0.2536712 0.3254499 0.2301253 0.2487633 0.2889519 0.3964835 0.2700971 0.3762441 0.3582063 0.3669547 0.3657199 0.5352469 0.3752238 0.3968851 0.5373391 0.5246373 0.4505290 0.3070563 0.8947951 1.0553734 2.1076630 
B._sp._Myotis.blythii_Vesp_4_B44601             0.2194887 0.2040687 0.1971659 0.1461211 0.2042668 0.1909140 0.2322011 0.1964247 0.1466679 0.1563956 0.1539653 0.1758683 0.2361276 0.2258955 0.2507791 0.2105416 0.1921777 0.0000000 0.0519783 0.1076520 0.1272317 0.1778163 0.1848446 0.1856415 0.1801981 0.1524408 0.1873768 0.1622191 0.1707687 0.1831066 0.2200945 0.2323768 0.2430447 0.2345431 0.2326574 0.2835998 0.2280898 0.2312731 0.2275010 0.1994119 0.2336585 0.2432272 0.2301419 0.2603796 0.2284609 0.2138445 0.2067489 0.2076677 0.2037426 0.1871775 0.2337009 0.2213941 0.3124707 0.2835033 0.2633487 0.2936407 0.2977730 0.2798486 0.2860248 0.2708216 0.2086945 0.2841770 0.2618476 0.3075395 0.2899948 0.2876859 0.3269510 0.3217980 0.2910082 0.2930573 0.3402628 0.3331486 0.3033395 0.2936153 0.2817383 0.3406515 0.3315758 0.3119565 0.2944642 0.3048155 0.2893413 0.2864552 0.3180967 0.3460594 0.3152930 0.3167447 0.3930703 0.2501830 0.2505280 0.2408100 0.2331307 0.2259596 0.2175810 0.2433539 0.2876903 0.2678246 0.2810253 0.3075776 0.3936774 0.2631333 0.3735733 0.3983133 0.3637702 0.3452718 0.5027955 0.3250454 0.3595911 0.5658931 0.5910710 0.5506394 0.2724558 0.8772033 1.0440702 2.0000771 
B._sp._Myotis.blythii_Vesp_5_B44622             0.2478453 0.1947009 0.2189479 0.1524581 0.1958739 0.1819061 0.2412335 0.2055533 0.1363631 0.1512480 0.1499359 0.1708704 0.2448566 0.2073915 0.2418114 0.1943843 0.1910859 0.0519783 0.0000000 0.0977766 0.1143183 0.1813429 0.1704057 0.1715678 0.1840419 0.1510560 0.2186880 0.1699666 0.1823439 0.1840560 0.2624941 0.2674762 0.2216783 0.2234008 0.2360867 0.2932948 0.2434571 0.2441109 0.2096777 0.1890476 0.2267674 0.2374487 0.2326357 0.2576027 0.2281925 0.2128201 0.2061906 0.2108821 0.2150247 0.1921550 0.2372852 0.2179349 0.3063807 0.2937449 0.2559454 0.3240269 0.3211230 0.2886071 0.2950505 0.2689276 0.2084109 0.3040842 0.2661106 0.3036392 0.2786075 0.3015316 0.3058524 0.2992774 0.2692279 0.2832915 0.3296668 0.3109867 0.2814666 0.2752555 0.2961622 0.3324134 0.3290749 0.2975390 0.2880923 0.3001671 0.2850048 0.2722236 0.3226733 0.3518477 0.3037616 0.2987990 0.3626683 0.2298733 0.2400389 0.2372438 0.2325739 0.1990708 0.2011937 0.2178884 0.2946699 0.2414297 0.2886082 0.2981345 0.3405245 0.2581758 0.3475222 0.3816830 0.3508851 0.3513578 0.4898107 0.3360253 0.3474072 0.5864833 0.6316908 0.5759555 0.2782257 0.8354668 1.0144011 1.9199127 
B._sp._Rhinolophus.ferrumequinum_Rhin_1_B44706  0.2321545 0.1803911 0.1809987 0.1518625 0.1748292 0.1554243 0.2576714 0.2248724 0.1302880 0.1634703 0.1504114 0.1395421 0.2383405 0.2004809 0.2230518 0.1708851 0.1715884 0.1076520 0.0977766 0.0000000 0.1447637 0.1919016 0.1549215 0.1474516 0.1525124 0.1203163 0.1580524 0.1350745 0.1517370 0.1649313 0.2103828 0.2096900 0.2187977 0.2219708 0.2350961 0.2934678 0.2500344 0.2495296 0.2044368 0.1867257 0.2380080 0.2334291 0.2417912 0.2578880 0.2150470 0.2137248 0.2060999 0.2269343 0.1951361 0.1724118 0.2068085 0.2127773 0.3119537 0.2971638 0.2505452 0.3193656 0.3120028 0.2405500 0.2506177 0.2298671 0.1897868 0.2473534 0.2614078 0.3083791 0.2917486 0.2832520 0.3025024 0.3008356 0.2757022 0.2858128 0.3062786 0.2957123 0.2603729 0.2823756 0.2606013 0.2824725 0.2742919 0.2644992 0.2442851 0.2653212 0.2426092 0.2633389 0.2908847 0.3722175 0.2738057 0.2916961 0.3390919 0.2298510 0.2273548 0.2360099 0.2134243 0.2075093 0.2212669 0.2403553 0.3040941 0.2208677 0.2483706 0.2587828 0.3637094 0.2907633 0.3446914 0.3703851 0.3459190 0.3352515 0.5302781 0.2823826 0.3251034 0.5616664 0.5932415 0.5195383 0.3141281 0.8988141 0.9705351 1.5996579 
B._sp._Eidolon.helvum_Ew_111                    0.2658736 0.2236805 0.2506689 0.1888902 0.2455053 0.2297514 0.2433086 0.2239413 0.1753257 0.1859628 0.1919148 0.1941595 0.2608793 0.2322666 0.2718274 0.2354278 0.2135011 0.1272317 0.1143183 0.1447637 0.0000000 0.2288841 0.1929252 0.1994641 0.1960990 0.1592374 0.2768318 0.2183759 0.2164756 0.2310904 0.3239861 0.3929152 0.2179909 0.2282478 0.2322925 0.2982086 0.2647804 0.2880684 0.2138778 0.2096317 0.2750878 0.2472299 0.2385579 0.2699633 0.2564887 0.2502588 0.2415177 0.2477710 0.2171514 0.2096820 0.2375690 0.2509016 0.3141631 0.3117763 0.2743160 0.3147670 0.3147498 0.2970223 0.3053072 0.2794536 0.2104632 0.3963410 0.2962380 0.3898300 0.3452907 0.3868574 0.3028776 0.2916500 0.2994677 0.3044394 0.3595632 0.3315089 0.2910596 0.2911662 0.2826946 0.3265063 0.3526515 0.3043503 0.2924741 0.3049645 0.2922339 0.2704912 0.3653969 0.4183598 0.4166718 0.3983664 0.4686355 0.2778558 0.2909091 0.2714944 0.2680902 0.2486274 0.2695680 0.2746618 0.3534759 0.2745868 0.3467352 0.3817957 0.4339093 0.3047733 0.3778332 0.3775178 0.4057481 0.3947227 0.5036028 0.3956990 0.4049019 0.6047921 0.6649800 0.5927364 0.3766747 0.9247274 1.0790919 2.0003184 
B._sp._Chaerephon.plicatus_SK165                0.2186266 0.1954157 0.1974273 0.1791997 0.2049356 0.1821233 0.2136945 0.2323702 0.1787419 0.1671585 0.1686023 0.2083064 0.2182265 0.2290097 0.2408304 0.2312858 0.2135047 0.1778163 0.1813429 0.1919016 0.2288841 0.0000000 0.1888175 0.1983355 0.1939230 0.1953337 0.2131890 0.1853012 0.1760672 0.1856462 0.2456061 0.2647518 0.2462824 0.2327242 0.2282983 0.2715871 0.2243494 0.2249299 0.2349588 0.2174557 0.2363849 0.2486809 0.2411113 0.2796426 0.2662633 0.2494277 0.2404143 0.2414411 0.2402634 0.2321837 0.2635293 0.2516911 0.2957447 0.2807768 0.2995214 0.2844177 0.3567360 0.3712911 0.3614585 0.3575501 0.2669850 0.3627729 0.2920584 0.3961239 0.3884182 0.3556610 0.3300953 0.3347522 0.3068402 0.3122853 0.3410714 0.3231207 0.2860979 0.2798081 0.3445499 0.3492209 0.3393060 0.3263518 0.3331108 0.3273992 0.3179741 0.2614461 0.3888916 0.3769840 0.3830410 0.3761369 0.3770890 0.2629394 0.2564806 0.2540070 0.2410826 0.2253827 0.2501855 0.3074207 0.3365619 0.2695784 0.2607276 0.2912836 0.4453285 0.3408988 0.3920242 0.4242424 0.4194993 0.3055089 0.4908689 0.3574418 0.3914290 0.6439642 0.5995644 0.5110958 0.3478093 0.8608472 1.0214737 2.2991380 
B._henselae_Houston_1                           0.2305141 0.1947727 0.1886959 0.1643203 0.1840362 0.1505832 0.2085068 0.1994224 0.1382302 0.1622718 0.1527519 0.1712699 0.2146347 0.1980049 0.2167375 0.2156041 0.2069671 0.1848446 0.1704057 0.1549215 0.1929252 0.1888175 0.0000000 0.0675527 0.1003928 0.1088174 0.1763778 0.1750545 0.1825388 0.1966228 0.2327946 0.2576184 0.2034959 0.2021626 0.1900903 0.2433089 0.1860606 0.1879244 0.1623457 0.1553640 0.2080754 0.2133666 0.2148767 0.2250095 0.2143140 0.2089739 0.1947032 0.2220821 0.1989375 0.1820249 0.2084575 0.2100970 0.2406899 0.2342011 0.2239645 0.2309462 0.2594797 0.2595499 0.2634787 0.2580193 0.1986504 0.2944212 0.2467383 0.2902486 0.2694249 0.2589952 0.2933159 0.2827123 0.2601134 0.2591576 0.3107915 0.2977879 0.2442465 0.2593307 0.2384977 0.2650541 0.2547138 0.2622249 0.2534979 0.2546848 0.2406126 0.2269111 0.3125736 0.3213847 0.3145749 0.3265832 0.3379791 0.2340622 0.2379684 0.2580635 0.2205587 0.2237378 0.2262323 0.2398746 0.2934236 0.1918742 0.2608998 0.2773781 0.3953929 0.2911344 0.3420471 0.3277493 0.3367439 0.3279069 0.4599988 0.3381160 0.3609728 0.5501383 0.5340421 0.4858040 0.2551747 0.7405928 0.9521916 1.9055939 
B._koehlerae_C_29                               0.2480764 0.2079772 0.1924923 0.1552509 0.1678242 0.1599565 0.2195620 0.1926828 0.1490767 0.1771939 0.1649749 0.1851854 0.2201696 0.1909173 0.2046122 0.1896916 0.1782533 0.1856415 0.1715678 0.1474516 0.1994641 0.1983355 0.0675527 0.0000000 0.1119594 0.1196353 0.2056049 0.1846588 0.1841267 0.2003459 0.2505577 0.2429315 0.1804406 0.1758750 0.1737173 0.2126914 0.1795680 0.1869286 0.1594113 0.1507591 0.1971249 0.2031545 0.2126425 0.2419202 0.2229239 0.2117316 0.2016321 0.2151942 0.1918703 0.1750502 0.2014358 0.2271020 0.2605169 0.2480053 0.2152702 0.2322329 0.2607552 0.2630767 0.2565155 0.2627328 0.1765610 0.2707588 0.2651214 0.2955022 0.2793285 0.2774809 0.2766076 0.2829236 0.2524353 0.2519915 0.3124265 0.2884277 0.2388379 0.2454005 0.2611369 0.2676476 0.2656501 0.2685649 0.2500961 0.2563300 0.2516991 0.2332405 0.2990173 0.3329664 0.2835923 0.3317201 0.3364383 0.2204178 0.2180609 0.2435509 0.2130918 0.2145003 0.2227191 0.2328556 0.3158485 0.2181326 0.2384511 0.2638362 0.3832998 0.2906527 0.3409375 0.3010001 0.3319371 0.3385373 0.4739232 0.3571211 0.3661338 0.5260983 0.4965967 0.4918644 0.2330554 0.7226580 0.9234981 1.8298604 
B._quintana_Toulouse                            0.2665156 0.2415176 0.2524812 0.1917364 0.2110962 0.1670801 0.2339970 0.2229512 0.1498155 0.1757529 0.1740575 0.1832346 0.2804374 0.2373330 0.2730172 0.2131846 0.2305485 0.1801981 0.1840419 0.1525124 0.1960990 0.1939230 0.1003928 0.1119594 0.0000000 0.1181169 0.1959326 0.1764148 0.1983969 0.2087218 0.2676324 0.3086813 0.1879283 0.1784718 0.1962209 0.2468743 0.1832052 0.1912401 0.1727032 0.1551937 0.1889011 0.2055915 0.1998701 0.2093451 0.2025763 0.2051774 0.2032773 0.2101540 0.2026395 0.1747806 0.1816815 0.2289793 0.2663857 0.2536743 0.2247658 0.2473810 0.2619220 0.2627031 0.2803082 0.2620847 0.2095438 0.3562516 0.2976077 0.3529164 0.3065874 0.3335352 0.2637845 0.2666402 0.2675128 0.2673381 0.3210092 0.2809655 0.2510391 0.2729940 0.2592522 0.2656454 0.2684462 0.2673929 0.2566458 0.2620544 0.2542449 0.2531413 0.3018515 0.3445341 0.3408368 0.3788362 0.3979941 0.2398546 0.2398023 0.2456480 0.2282524 0.2267223 0.2397632 0.2503202 0.2921900 0.2277584 0.2661236 0.2857881 0.4247076 0.2837710 0.3420440 0.3756088 0.3582404 0.3256417 0.5068401 0.3654209 0.3873848 0.6119957 0.6078007 0.5567519 0.2978157 0.7782460 0.9662356 1.9032468 
B._washoensis_Sb944nv                           0.1942334 0.1803613 0.1889575 0.1642572 0.1732412 0.1722155 0.2046149 0.1817976 0.1184836 0.1506117 0.1385883 0.1394961 0.2073235 0.1630725 0.2088612 0.1992513 0.2041140 0.1524408 0.1510560 0.1203163 0.1592374 0.1953337 0.1088174 0.1196353 0.1181169 0.0000000 0.1237384 0.1044855 0.1217992 0.1371478 0.1874216 0.2483994 0.1881927 0.1990763 0.1871745 0.2300352 0.1945407 0.2112798 0.1670001 0.1473283 0.2127325 0.2132738 0.2159754 0.2435123 0.2147437 0.1898663 0.1797569 0.1812795 0.1956257 0.1788150 0.1768108 0.2038281 0.2769145 0.2592510 0.2236451 0.2880489 0.2966774 0.2571781 0.2620307 0.2198826 0.1778929 0.2783781 0.2325730 0.2368033 0.2304000 0.2503223 0.2782276 0.2708889 0.2525678 0.2446188 0.2929288 0.2603193 0.2457121 0.2362762 0.2449258 0.2667175 0.2691816 0.2418261 0.2269380 0.2477611 0.2292221 0.2527223 0.3128980 0.3527560 0.2841872 0.3054933 0.3330466 0.2182942 0.2193870 0.2089652 0.1999961 0.2090286 0.2138754 0.2521726 0.2702785 0.1551359 0.2568091 0.2831278 0.3374786 0.2581532 0.3263146 0.3355372 0.3373468 0.2942051 0.5065227 0.2457833 0.2739054 0.5595119 0.5527420 0.4829026 0.2615016 0.7170865 0.9552312 1.8626968 
B._sp._Eptesicus.nilssoni_1157_3                0.1709412 0.1695984 0.1981620 0.1623843 0.1806711 0.1723351 0.2280030 0.2128844 0.1257881 0.1360088 0.1342885 0.1569992 0.2176471 0.2089003 0.2157489 0.2177804 0.2401331 0.1873768 0.2186880 0.1580524 0.2768318 0.2131890 0.1763778 0.2056049 0.1959326 0.1237384 0.0000000 0.0044372 0.0408164 0.0502741 0.0578532 0.1176110 0.3492926 0.3400160 0.3093383 0.3464935 0.2085108 0.2566953 0.2271862 0.2512590 0.3139571 0.3360775 0.3258033 0.3290407 0.2884447 0.2904933 0.2978189 0.2854989 0.2642753 0.2715059 0.2885059 0.2353862 0.3448856 0.3122633 0.3136330 0.4047169 0.4199485 0.3836566 0.3875861 0.3810033 0.3049978 0.3504651 0.2530908 0.2388868 0.2246135 0.2265458 0.3511264 0.3637843 0.3696485 0.3417013 0.2717237 0.4045646 0.3430578 0.3344320 0.2771938 0.2686215 0.2603878 0.2704722 0.2530162 0.2797548 0.2460758 0.3139006 0.3275258 0.3592211 0.3346853 0.3268267 0.3698523 0.2605847 0.2617081 0.2762485 0.2306814 0.2277829 0.2371203 0.3537913 0.2797161 0.2835305 0.2806049 0.2633341 0.3843122 0.3604375 0.4350716 0.4711602 0.4358319 0.4063294 0.6917148 0.2207611 0.2624466 0.8402646 0.7713811 0.6576538 0.3149832 1.1381757 1.1928962 2.6837349 
B._sp._Myotis.blythii_Vesp_2_B44722             0.1690155 0.1438707 0.1641738 0.1459163 0.1609060 0.1732135 0.2254339 0.2042323 0.1246545 0.1344231 0.1301855 0.1320345 0.2048251 0.1782944 0.2041463 0.1675468 0.1952742 0.1622191 0.1699666 0.1350745 0.2183759 0.1853012 0.1750545 0.1846588 0.1764148 0.1044855 0.0044372 0.0000000 0.0375832 0.0439358 0.0637962 0.1125130 0.2491705 0.2467319 0.2445828 0.2681415 0.1934537 0.2255122 0.1945759 0.1863965 0.2709926 0.2672333 0.2636200 0.2682595 0.2438485 0.2194944 0.2268712 0.2337110 0.2293248 0.2129141 0.2279922 0.2004561 0.2889965 0.2669689 0.2831729 0.3263964 0.3357492 0.2917702 0.3018395 0.2713341 0.2340013 0.3464143 0.2130144 0.2265961 0.2066552 0.2153376 0.3059239 0.3126848 0.2822556 0.2772579 0.2761032 0.3127356 0.2900050 0.2849557 0.2446227 0.2483202 0.2478309 0.2250305 0.2157463 0.2254843 0.2130440 0.2859321 0.3012567 0.3372669 0.3135547 0.3028511 0.3441542 0.2240035 0.2410180 0.2331247 0.2034829 0.2053497 0.2035182 0.3184955 0.2624094 0.2145685 0.2389927 0.2281092 0.3595270 0.3163160 0.3698835 0.4126340 0.4025126 0.3297767 0.5246274 0.1924100 0.2356141 0.6429660 0.6393022 0.5115106 0.2441287 0.8952506 0.9693345 1.7956524 
B._sp._Eptesicus.serotinus_Vesp_3_B44724        0.1677367 0.1471214 0.1715144 0.1425553 0.1434818 0.1678460 0.2078140 0.1941453 0.1235954 0.1301124 0.1297393 0.1475175 0.1874131 0.1756855 0.1912912 0.1811973 0.1798766 0.1707687 0.1823439 0.1517370 0.2164756 0.1760672 0.1825388 0.1841267 0.1983969 0.1217992 0.0408164 0.0375832 0.0000000 0.0218073 0.0360858 0.0971412 0.2685298 0.2509061 0.2565988 0.2945113 0.2336658 0.2492365 0.2213191 0.2070013 0.2875365 0.2831799 0.2824346 0.2725229 0.2482179 0.2426567 0.2427102 0.2312940 0.2428412 0.2173109 0.2455850 0.2079294 0.3279429 0.2923676 0.3020773 0.3387429 0.3536045 0.3309591 0.3394497 0.3040116 0.2391983 0.3449501 0.2046371 0.2194257 0.2127863 0.1998898 0.3189563 0.3327348 0.2952713 0.2944916 0.2823835 0.3273066 0.3040701 0.3021613 0.2790304 0.2786326 0.2779420 0.2608492 0.2590788 0.2653437 0.2559023 0.3017112 0.3096551 0.3641654 0.3497440 0.3233454 0.3496026 0.2377696 0.2473564 0.2483107 0.2185964 0.2145377 0.2261050 0.2986437 0.2844322 0.2128217 0.2240641 0.2382445 0.3832097 0.3155642 0.3922158 0.4259357 0.3928140 0.3784382 0.5642971 0.1807164 0.2089184 0.6671886 0.6711998 0.5477665 0.2905567 0.8799131 1.0358403 2.0553664 
B._sp._Myotis.emarginatus_Vesp_1_B44731         0.1988007 0.1628346 0.1905076 0.1596203 0.1576324 0.1784206 0.2340525 0.2098100 0.1294728 0.1420044 0.1333998 0.1551441 0.2171983 0.1948492 0.2260843 0.1911873 0.1978592 0.1831066 0.1840560 0.1649313 0.2310904 0.1856462 0.1966228 0.2003459 0.2087218 0.1371478 0.0502741 0.0439358 0.0218073 0.0000000 0.0183917 0.1143997 0.2739366 0.2568271 0.2668426 0.3068054 0.2288341 0.2503411 0.2257898 0.2121909 0.2797783 0.2942169 0.2901354 0.2993461 0.2634396 0.2427533 0.2360088 0.2397022 0.2283712 0.2190845 0.2517747 0.2163720 0.3369535 0.3012079 0.2839195 0.3422828 0.3624342 0.3303337 0.3350806 0.3059673 0.2533830 0.3580677 0.2167634 0.2305069 0.2217479 0.2146495 0.3309235 0.3480468 0.2984781 0.3028568 0.2861230 0.3199910 0.3196136 0.2962646 0.2892061 0.3127241 0.3116992 0.2737097 0.2653140 0.2804538 0.2621842 0.3187704 0.3194883 0.3623513 0.3577329 0.3303554 0.3762326 0.2472601 0.2628383 0.2493959 0.2322437 0.2166651 0.2263438 0.3083148 0.3182094 0.2144206 0.2338367 0.2394112 0.3816941 0.3414164 0.3908105 0.4136435 0.3966799 0.3710533 0.5513094 0.1955673 0.2258302 0.6800796 0.6872983 0.5054762 0.3044928 0.9249758 1.0063525 1.9241991 
B._sp._Myotis.daubentonii_1160_1                0.2186278 0.2154964 0.2557880 0.1930683 0.2057551 0.2001064 0.2810528 0.2524302 0.1691641 0.1784215 0.1667846 0.2109442 0.2543896 0.2829073 0.2737216 0.2805629 0.2622159 0.2200945 0.2624941 0.2103828 0.3239861 0.2456061 0.2327946 0.2505577 0.2676324 0.1874216 0.0578532 0.0637962 0.0360858 0.0183917 0.0000000 0.1220987 0.3898693 0.3539936 0.3559978 0.4140151 0.2749635 0.3154233 0.2730349 0.2788300 0.3649669 0.3770045 0.4134634 0.3720120 0.3106284 0.3172150 0.3246846 0.3237368 0.2944372 0.2820553 0.3473418 0.2740255 0.4265169 0.3797035 0.3324610 0.4379500 0.4682265 0.4385932 0.4437527 0.4353849 0.3566216 0.3850343 0.2582946 0.2791388 0.2610096 0.2370962 0.3958384 0.4302299 0.3976375 0.3852938 0.3118239 0.4338577 0.4014548 0.3823671 0.3316595 0.3296300 0.3201564 0.3166936 0.3059305 0.3277839 0.2908904 0.3751610 0.3516401 0.4109839 0.3957841 0.3952409 0.4390508 0.2942654 0.2947852 0.3059066 0.2687178 0.2700138 0.2772145 0.3548587 0.3430865 0.3238659 0.2716670 0.2783247 0.4279217 0.4012389 0.4553800 0.4768173 0.4537545 0.4576747 0.7212107 0.2242647 0.2477031 0.8935725 0.8518792 0.6767393 0.4014290 1.1596474 1.1550102 3.1184951 
B._mayotimonensis_EYL_2008                      0.2366617 0.2085334 0.2166847 0.1815044 0.2212199 0.2434847 0.3442381 0.3261266 0.1537363 0.1708364 0.1720689 0.1970233 0.2682704 0.2494449 0.2721683 0.2268243 0.2463983 0.2323768 0.2674762 0.2096900 0.3929152 0.2647518 0.2576184 0.2429315 0.3086813 0.2483994 0.1176110 0.1125130 0.0971412 0.1143997 0.1220987 0.0000000 0.3508091 0.3478156 0.3821267 0.4103852 0.2713156 0.3373461 0.3007785 0.3548587 0.3635548 0.3756019 0.3564276 0.3946450 0.3547705 0.3247642 0.3122029 0.3134599 0.2851777 0.2662819 0.2757577 0.3039084 0.4805346 0.4243387 0.4011620 0.4812160 0.5011431 0.4501956 0.4588692 0.4511031 0.3423027 0.3874512 0.3169680 0.3320385 0.3488247 0.2503615 0.4251224 0.4647881 0.3973350 0.3904085 0.3789509 0.4525876 0.3542660 0.4353712 0.3804542 0.3715251 0.3748432 0.3520464 0.3342364 0.3707753 0.3548172 0.4026356 0.4021373 0.4774136 0.4554226 0.4382844 0.5919154 0.3244815 0.2987177 0.3424254 0.2919728 0.3154918 0.3018280 0.4148535 0.4246371 0.4099259 0.3257349 0.3237927 0.5147649 0.3647684 0.5449003 0.5499437 0.5211130 0.5327016 1.0040007 0.3691475 0.3917025 0.9404526 0.9861933 0.7683866 0.3791694 1.6277680 1.6680062 8.5339919 
B._sp._Hipposideros.armiger_KK182               0.2927090 0.2462954 0.2865432 0.2415672 0.2610251 0.2380967 0.2978078 0.2794919 0.2190876 0.2332551 0.2139527 0.2361523 0.3148043 0.2618323 0.3119681 0.2279188 0.2148077 0.2430447 0.2216783 0.2187977 0.2179909 0.2462824 0.2034959 0.1804406 0.1879283 0.1881927 0.3492926 0.2491705 0.2685298 0.2739366 0.3898693 0.3508091 0.0000000 0.0243087 0.1727043 0.2017029 0.1939133 0.2012441 0.1524858 0.1574898 0.1697424 0.1804354 0.2095294 0.2089030 0.2126276 0.1900999 0.2098784 0.2035464 0.2038602 0.1612788 0.1932076 0.2533873 0.2083513 0.2219991 0.2264205 0.2539958 0.2681891 0.2436510 0.2289489 0.2473742 0.1816834 0.3111816 0.3413132 0.4014842 0.3720116 0.3491667 0.2482222 0.2416204 0.2177994 0.2219192 0.2979657 0.2315362 0.2153081 0.2215506 0.2728904 0.2613050 0.2686962 0.2585385 0.2382120 0.2572415 0.2470950 0.1989154 0.3395263 0.3835807 0.2838636 0.2936137 0.3869103 0.2731311 0.2625398 0.2773018 0.2480729 0.2496605 0.2512534 0.2316720 0.3472376 0.2851716 0.3495889 0.3951535 0.4323519 0.2631208 0.3131801 0.3302099 0.3464023 0.2804856 0.4048917 0.4617623 0.4132622 0.5699350 0.5764611 0.4698268 0.3514706 0.7335123 0.8909535 2.2045165 
