62
B._apis_BBC0122_NZ_CP015625                   0.0000000 0.7737364 0.7282537 0.7039145 0.8199837 0.8199837 0.8371921 0.8336099 0.8150405 0.8081177 0.8386810 0.8330694 0.6844494 0.6472691 0.6601932 0.7482334 0.8290170 0.6733056 0.6525950 0.8581347 0.7722028 0.7511183 0.8842668 0.6976667 0.7723070 0.7433916 0.6714074 0.6976667 0.6714074 0.6548862 0.7136574 0.7983491 0.7129467 0.7187090 0.7129467 0.8167145 0.8141785 0.8530596 0.7658292 1.0950136 3.3667764 1.1909003 1.0945546 1.0945546 1.1112806 1.0930025 1.0930025 1.1060224 1.0892323 1.0892323 1.0488631 1.0336404 1.0336404 1.0563203 1.0204037 1.0160874 1.0445219 1.1754690 0.9944686 0.9741325 0.9624116 1.0920772 
B._tamiae_Th239_NZ_JH725147                   0.7737364 0.0000000 0.8449726 0.6827485 1.0272087 1.0272087 0.9480483 1.0442567 1.0461935 1.0442567 1.0312435 0.9988788 0.8018446 0.6968461 0.8583111 0.8823545 1.0653051 0.7131097 0.6450110 0.9516141 0.8775510 0.8933293 1.0207104 0.7642785 0.8460886 0.8408308 0.7364825 0.7642785 0.7364825 0.7739440 0.8142588 0.8343089 0.7496804 0.7560878 0.7496804 0.7614881 0.8929033 0.8426569 0.7532550 1.3617878 4.2894417 1.9511536 1.6794988 1.6794988 1.6484328 1.7297533 1.7297533 1.8213644 1.8544332 1.8544332 1.3656061 1.3923035 1.3923035 1.3769765 1.4156845 1.3682783 1.3235495 1.8879349 1.5264367 1.4850650 1.4703805 0.9441158 
B._sp._Cyclopodia.greefi_Cg_23_Q22-1_JN172038 0.7282537 0.8449726 0.0000000 0.0092539 0.2701176 0.2701176 0.2701176 0.2620767 0.2647615 0.2792919 0.2808948 0.3166640 0.2477879 0.2375522 0.2350996 0.3877789 0.4125074 0.3199360 0.3199360 0.4363840 0.4363840 0.5347794 0.5683123 0.5062626 0.5062626 0.4993315 0.5062626 0.5062626 0.5062626 0.5062626 0.4930970 0.4962607 0.4930970 0.4930970 0.4930970 0.5297817 0.5346311 0.4073681 0.4048316 0.7768974 2.1434544 1.0113937 0.9572078 0.9572078 0.9572078 0.9869431 0.9869431 0.9713008 0.9713008 0.9713008 0.9469150 0.9469150 0.9469150 0.9469150 0.9469150 0.9469150 0.9387513 1.1310926 0.9120664 0.8929615 0.8616172 1.7390415 
B._sp._Eidolon.helvum_E1-105_HM363765         0.7039145 0.6827485 0.0092539 0.0000000 0.2410235 0.2410235 0.2445500 0.2333245 0.2359248 0.2497637 0.2511546 0.2847693 0.2219932 0.2116365 0.2100770 0.3522641 0.3635589 0.2881197 0.3060861 0.3982619 0.3630185 0.5195291 0.5478560 0.4551091 0.4919891 0.4850891 0.4574764 0.4551091 0.4574764 0.4423175 0.4399946 0.4821674 0.4446366 0.4446366 0.4446366 0.4855651 0.5193897 0.3881247 0.3423510 0.7167512 2.1434544 0.9216088 0.8589512 0.8589512 0.8589512 0.8928584 0.8928584 0.8812970 0.8812970 0.8812970 0.8207078 0.8207078 0.8207078 0.8259012 0.8407259 0.8438608 0.7709014 1.1511009 0.8825872 0.8800888 0.8477065 1.4244974 
B._sp._Cyclopodia.greefi_Cg_303-1_JN172055    0.8199837 1.0272087 0.2701176 0.2410235 0.0000000 0.0000010 0.0000010 0.0046407 0.0094090 0.0141384 0.0141659 0.0345918 0.1793613 0.1707132 0.1220248 0.4470760 0.5030933 0.3926580 0.3926580 0.4356560 0.4356560 0.6011016 0.6214247 0.5683245 0.5683245 0.5761572 0.5683245 0.5683245 0.5683245 0.5683245 0.5537344 0.5576000 0.5537344 0.5537344 0.5537344 0.6120869 0.6009092 0.4617156 0.4584972 0.7991667 1.6475418 0.9329309 0.8443029 0.8443029 0.8443029 0.8195152 0.8195152 0.8220459 0.8220459 0.8220459 0.9793354 0.9793354 0.9793354 0.9793354 0.9793354 0.9793354 0.9536423 1.2340079 0.9537427 0.9328856 0.8980842 2.3294215 
B._sp._Cyclopodia.greefi_Cg_Q100-2_JN172040   0.8199837 1.0272087 0.2701176 0.2410235 0.0000010 0.0000000 0.0000010 0.0046407 0.0094090 0.0141384 0.0141659 0.0345918 0.1793613 0.1707132 0.1220248 0.4470760 0.5030933 0.3926580 0.3926580 0.4356560 0.4356560 0.6011016 0.6214247 0.5683245 0.5683245 0.5761572 0.5683245 0.5683245 0.5683245 0.5683245 0.5537344 0.5576000 0.5537344 0.5537344 0.5537344 0.6120869 0.6009092 0.4617156 0.4584972 0.7991667 1.6475418 0.9329309 0.8443029 0.8443029 0.8443029 0.8195152 0.8195152 0.8220459 0.8220459 0.8220459 0.9793354 0.9793354 0.9793354 0.9793354 0.9793354 0.9793354 0.9536423 1.2340079 0.9537427 0.9328856 0.8980842 2.3294215 
B._sp._Eidolon.helvum_E5_B40014_KM030520      0.8371921 0.9480483 0.2701176 0.2445500 0.0000010 0.0000010 0.0000000 0.0046407 0.0094090 0.0141384 0.0141659 0.0345918 0.1793613 0.1562819 0.1220248 0.4470760 0.5030933 0.3926580 0.3826161 0.4356560 0.4045677 0.6011016 0.6214247 0.5321653 0.5683245 0.5761572 0.5352611 0.5321653 0.5352611 0.5415703 0.5290061 0.5576000 0.5201494 0.5245021 0.5201494 0.5735665 0.6009092 0.4842335 0.4231313 0.7991667 1.6475418 0.8264080 0.7596441 0.7596441 0.7444521 0.7503051 0.7503051 0.7377221 0.7529111 0.7529111 0.8757478 0.8928734 0.8928734 0.8815527 0.9185578 0.9183183 0.8520497 1.1900194 0.9043019 0.9099632 0.8679522 1.9767567 
B._sp._Cyclopodia.greefi_Cg_GG243-3_JN172048  0.8336099 1.0442567 0.2620767 0.2333245 0.0046407 0.0046407 0.0046407 0.0000000 0.0046778 0.0093743 0.0093916 0.0294895 0.1726942 0.1641369 0.1157505 0.4374168 0.5030933 0.3832542 0.3832542 0.4261755 0.4261755 0.5909309 0.6214247 0.5584148 0.5584148 0.5661158 0.5584148 0.5584148 0.5584148 0.5584148 0.5438613 0.5476598 0.5438613 0.5438613 0.5438613 0.6013117 0.5907435 0.4517960 0.4486452 0.7876389 1.6475418 0.9199127 0.8583656 0.8583656 0.8583656 0.8231971 0.8231971 0.8101297 0.8101297 0.8101297 0.9838474 0.9838474 0.9838474 0.9838474 0.9838474 0.9838474 0.9579298 1.2173916 0.9412170 0.9206475 0.8861992 2.3426352 
B._sp._Cyclopodia.greefi_Cg_443_JN172068      0.8150405 1.0461935 0.2647615 0.2359248 0.0094090 0.0094090 0.0094090 0.0046778 0.0000000 0.0142555 0.0142835 0.0242753 0.1645714 0.1561951 0.1233995 0.4313430 0.5064489 0.3860246 0.3860246 0.4202434 0.4202434 0.5931646 0.6241776 0.5606903 0.5606903 0.5683970 0.5606903 0.5606903 0.5606903 0.5606903 0.5461751 0.5499769 0.5461751 0.5461751 0.5461751 0.6036452 0.5929767 0.4544506 0.4512938 0.7896474 1.6475418 0.9107656 0.8500309 0.8500309 0.8500309 0.8148568 0.8148568 0.8019396 0.8019396 0.8019396 0.9857101 0.9857101 0.9857101 0.9857101 0.9857101 0.9857101 0.9597757 1.2194321 0.9431140 0.9225333 0.8880861 2.3242888 
B._sp._Cyclopodia.greefi_Cg_424_JN172064      0.8081177 1.0442567 0.2792919 0.2497637 0.0141384 0.0141384 0.0141384 0.0093743 0.0142555 0.0000000 0.0093916 0.0399225 0.1868130 0.1780449 0.1289024 0.4374168 0.5166195 0.4035362 0.4035362 0.4261755 0.4261755 0.6129101 0.6344855 0.5798369 0.5798369 0.5878217 0.5798369 0.5798369 0.5798369 0.5798369 0.5652055 0.5691487 0.5652055 0.5652055 0.5652055 0.6245932 0.6127118 0.4732326 0.4699344 0.7728047 1.6265954 0.9025855 0.8426131 0.8426131 0.8426131 0.8074663 0.8074663 0.7946959 0.7946959 0.7946959 0.9666527 0.9666527 0.9666527 0.9666527 0.9666527 0.9666527 0.9413345 1.1796766 0.9137481 0.8938874 0.8603412 2.3474847 
B._sp._Cyclopodia.greefi_Cg_436-3_JN172061    0.8386810 1.0312435 0.2808948 0.2511546 0.0141659 0.0141659 0.0141659 0.0093916 0.0142835 0.0093916 0.0000000 0.0400232 0.1877079 0.1788817 0.1294470 0.4400405 0.5364581 0.4059739 0.4059739 0.4287116 0.4287116 0.6162977 0.6541749 0.5830188 0.5830188 0.5910747 0.5830188 0.5830188 0.5830188 0.5830188 0.5683245 0.5723028 0.5683245 0.5683245 0.5683245 0.6282296 0.6160970 0.4760554 0.4727267 0.8022020 1.6265954 0.9364833 0.8735828 0.8735828 0.8735828 0.8385042 0.8385042 0.8251929 0.8251929 0.8251929 1.0001510 1.0001510 1.0001510 1.0001510 1.0001510 1.0001510 0.9737106 1.2247833 0.9464131 0.9257008 0.8910702 2.3726894 
B._sp._Cyclopodia.greefi_Cg_G38-2_JN172044    0.8330694 0.9988788 0.3166640 0.2847693 0.0345918 0.0345918 0.0345918 0.0294895 0.0242753 0.0399225 0.0400232 0.0000000 0.1752417 0.1664847 0.1326260 0.4478650 0.5342097 0.4299699 0.4299699 0.4362432 0.4362432 0.6602086 0.6915982 0.6250135 0.6250135 0.6338344 0.6250135 0.6250135 0.6250135 0.6250135 0.6098132 0.6141757 0.6098132 0.6098132 0.6098132 0.6751175 0.6599794 0.4718593 0.4685209 0.8831796 1.7478386 1.0217611 0.9498956 0.9498956 0.9498956 0.9141450 0.9141450 0.8991542 0.8991542 0.8991542 1.0856593 1.0856593 1.0856593 1.0856593 1.0856593 1.0856593 1.0557147 1.2808812 1.0111837 0.9773779 0.9401261 2.2485559 
B._sp._Cyclopodia.greefi_Cg_426-1_JN172062    0.6844494 0.8018446 0.2477879 0.2219932 0.1793613 0.1793613 0.1793613 0.1726942 0.1645714 0.1868130 0.1877079 0.1752417 0.0000000 0.0045610 0.0597320 0.3142245 0.3956973 0.3200671 0.3200671 0.3566743 0.3566743 0.4028174 0.4653364 0.3792346 0.3792346 0.3837909 0.3792346 0.3792346 0.3792346 0.3792346 0.3673583 0.3695927 0.3673583 0.3673583 0.3673583 0.4020553 0.4027136 0.3941623 0.3915242 0.6935186 1.6564109 0.7844020 0.7378451 0.7378451 0.7378451 0.7237353 0.7237353 0.7131886 0.7131886 0.7131886 0.8044080 0.8044080 0.8044080 0.8044080 0.8044080 0.8044080 0.7720188 0.9453423 0.7393792 0.7154463 0.6894760 1.8499423 
B._sp._Eidolon.helvum_E2-114_HM363766         0.6472691 0.6968461 0.2375522 0.2116365 0.1707132 0.1707132 0.1562819 0.1641369 0.1561951 0.1780449 0.1788817 0.1664847 0.0045610 0.0000000 0.0539999 0.3256148 0.3956973 0.3079433 0.3062766 0.3682602 0.3426677 0.4152276 0.4653364 0.3861267 0.3912193 0.3959368 0.3881302 0.3861267 0.3881302 0.3691670 0.3632513 0.3815491 0.3759756 0.3759756 0.3759756 0.4156121 0.4151214 0.3934970 0.3253991 0.7102210 1.6564109 0.7824687 0.7133245 0.7133245 0.7133245 0.7116794 0.7116794 0.7029798 0.7029798 0.7029798 0.8114471 0.8114471 0.8114471 0.8167687 0.7929891 0.8353062 0.6983727 1.0565911 0.7697117 0.7590419 0.7303753 1.4462931 
B._sp._Cyclopodia.greefi_Cg_K8-1_JN172037     0.6601932 0.8583111 0.2350996 0.2100770 0.1220248 0.1220248 0.1220248 0.1157505 0.1233995 0.1289024 0.1294470 0.1326260 0.0597320 0.0539999 0.0000000 0.2988825 0.3667589 0.2728149 0.2728149 0.3410426 0.3410426 0.4303790 0.4841747 0.4057470 0.4057470 0.4106830 0.4057470 0.4057470 0.4057470 0.4057470 0.3935780 0.3960010 0.3935780 0.3935780 0.3935780 0.4310406 0.4302689 0.3269404 0.3247792 0.7220836 1.7154778 0.7955062 0.7482963 0.7482963 0.7482963 0.7248613 0.7248613 0.7143273 0.7143273 0.7143273 0.8457902 0.8457902 0.8457902 0.8457902 0.8457902 0.8457902 0.7875315 0.9662638 0.7551544 0.7404162 0.7039401 1.8582598 
B._sp._Cyclopodia.greefi_Cg_366-1_JN172052    0.7482334 0.8823545 0.3877789 0.3522641 0.4470760 0.4470760 0.4470760 0.4374168 0.4313430 0.4374168 0.4400405 0.4478650 0.3142245 0.3256148 0.2988825 0.0000000 0.1254958 0.1225537 0.1225537 0.1144248 0.1144248 0.3939977 0.4433824 0.3700699 0.3700699 0.3746315 0.3700699 0.3700699 0.3700699 0.3700699 0.3579376 0.3601727 0.3579376 0.3579376 0.3579376 0.3927518 0.3938925 0.5040128 0.5006122 0.6546606 1.9161792 0.7158732 0.6880388 0.6880388 0.6880388 0.6648562 0.6648562 0.6106733 0.6106733 0.6106733 0.7052790 0.7052790 0.7052790 0.7052790 0.7052790 0.7052790 0.7855900 0.8854481 0.7159147 0.6891054 0.6983652 1.5585742 
B._sp._Cyclopodia.greefi_Cg_G31-1_JN172043    0.8290170 1.0653051 0.4125074 0.3635589 0.5030933 0.5030933 0.5030933 0.5030933 0.5064489 0.5166195 0.5364581 0.5342097 0.3956973 0.3956973 0.3667589 0.1254958 0.0000000 0.0000010 0.0000010 0.3501245 0.3501245 0.4175744 0.4175744 0.4175744 0.4175744 0.4175744 0.4175744 0.4175744 0.4175744 0.4175744 0.4003638 0.4003638 0.4003638 0.4003638 0.4003638 0.4400441 0.4529161 0.5322632 0.5322632 0.7978818 1.6319837 0.8515550 0.7576685 0.7576685 0.7576685 0.7516662 0.7516662 0.7412759 0.7412759 0.7412759 0.7845518 0.7845518 0.7845518 0.7845518 0.7845518 0.7845518 0.8098417 0.9639323 0.7641656 0.7778093 0.7392328 2.2543420 
B._sp._Cyclopodia.greefi_Cg_K1-2_JN172035     0.6733056 0.7131097 0.3199360 0.2881197 0.3926580 0.3926580 0.3926580 0.3832542 0.3860246 0.4035362 0.4059739 0.4299699 0.3200671 0.3079433 0.2728149 0.1225537 0.0000010 0.0000000 0.0000010 0.3081619 0.3081619 0.3546761 0.3972000 0.3321159 0.3321159 0.3361723 0.3321159 0.3321159 0.3321159 0.3321159 0.3203186 0.3223068 0.3203186 0.3203186 0.3203186 0.3407194 0.3545754 0.4074678 0.4049009 0.5502688 1.6319837 0.6830147 0.6690270 0.6690270 0.6690270 0.6637349 0.6637349 0.6078359 0.6078359 0.6078359 0.6955215 0.6955215 0.6955215 0.6955215 0.6955215 0.6955215 0.7057211 0.7474013 0.6491283 0.6559529 0.6322420 1.4454495 
B._sp._Eidolon.helvum_E4_B39301_KM030516      0.6525950 0.6450110 0.3199360 0.3060861 0.3926580 0.3926580 0.3826161 0.3832542 0.3860246 0.4035362 0.4059739 0.4299699 0.3200671 0.3062766 0.2728149 0.1225537 0.0000010 0.0000010 0.0000000 0.3081619 0.2847152 0.3546761 0.3972000 0.2939796 0.3321159 0.3361723 0.2885618 0.2939796 0.2885618 0.2996108 0.2991617 0.3223068 0.2847852 0.2871678 0.2847852 0.3023531 0.3545754 0.4035127 0.3594145 0.5502688 1.6319837 0.6234076 0.6286402 0.6286402 0.6432364 0.6336670 0.6336670 0.6021772 0.5882642 0.5882642 0.7122894 0.6952035 0.6952035 0.7168682 0.7053694 0.7069557 0.6675729 0.7716139 0.6614503 0.6721768 0.6507464 1.1144104 
B._sp._Cyclopodia.greefi_Cg_Q98-1_JN172039    0.8581347 0.9516141 0.4363840 0.3982619 0.4356560 0.4356560 0.4356560 0.4261755 0.4202434 0.4261755 0.4287116 0.4362432 0.3566743 0.3682602 0.3410426 0.1144248 0.3501245 0.3081619 0.3081619 0.0000000 0.0000010 0.5806096 0.6429109 0.5485366 0.5485366 0.5460843 0.5485366 0.5485366 0.5485366 0.5485366 0.5341067 0.5279417 0.5341067 0.5341067 0.5341067 0.5903217 0.5804282 0.5459618 0.5519975 0.7729346 2.2946747 0.8178181 0.7801313 0.7801313 0.7801313 0.7759213 0.7759213 0.7154117 0.7154117 0.7154117 0.8620811 0.8620811 0.8620811 0.8620811 0.8620811 0.8620811 0.9396291 1.1981376 0.9296310 0.8523435 0.8653327 1.9972858 
B._sp._Eidolon.helvum_Ew-111_HM363768         0.7722028 0.8775510 0.4363840 0.3630185 0.4356560 0.4356560 0.4045677 0.4261755 0.4202434 0.4261755 0.4287116 0.4362432 0.3566743 0.3426677 0.3410426 0.1144248 0.3501245 0.3081619 0.2847152 0.0000010 0.0000000 0.5806096 0.6429109 0.4772560 0.5485366 0.5460843 0.4772560 0.4772560 0.4772560 0.4772560 0.4706218 0.5279417 0.4649663 0.4649663 0.4649663 0.5463799 0.5804282 0.5406249 0.4708747 0.7729346 2.2946747 0.7623732 0.7251180 0.7251180 0.7251180 0.7206276 0.7206276 0.6670764 0.6670764 0.6670764 0.7950162 0.7950162 0.7950162 0.8006414 0.7950162 0.7950162 0.8359293 1.1831818 0.8707437 0.7890062 0.7996092 1.7964909 
B._sp._Cyclopodia.greefi_Cg_371_JN172053      0.7511183 0.8933293 0.5347794 0.5195291 0.6011016 0.6011016 0.6011016 0.5909309 0.5931646 0.6129101 0.6162977 0.6602086 0.4028174 0.4152276 0.4303790 0.3939977 0.4175744 0.3546761 0.3546761 0.5806096 0.5806096 0.0000000 0.0000010 0.0048222 0.0048222 0.0048590 0.0048222 0.0048222 0.0048222 0.0048222 0.0097784 0.0098225 0.0097784 0.0097784 0.0097784 0.0103857 0.0100628 0.5712848 0.5671818 0.6796539 1.4523540 0.7629969 0.7309137 0.7309137 0.7309137 0.6631134 0.6631134 0.6418801 0.6418801 0.6418801 0.6092284 0.6092284 0.6092284 0.6092284 0.6092284 0.6092284 0.6549598 0.8365224 0.6625041 0.6370233 0.6150680 1.6894201 
B._sp._Cyclopodia.greefi_Cg_423-1_JN172058    0.8842668 1.0207104 0.5683123 0.5478560 0.6214247 0.6214247 0.6214247 0.6214247 0.6241776 0.6344855 0.6541749 0.6915982 0.4653364 0.4653364 0.4841747 0.4433824 0.4175744 0.3972000 0.3972000 0.6429109 0.6429109 0.0000010 0.0000000 0.0000010 0.0000010 0.0000010 0.0000010 0.0000010 0.0000010 0.0000010 0.0060812 0.0060812 0.0060812 0.0060812 0.0060812 0.0065583 0.0063077 0.6168213 0.6168213 0.7883438 1.4523540 0.9834264 0.8595743 0.8595743 0.8595743 0.7691525 0.7691525 0.8087076 0.8087076 0.8087076 0.6769224 0.6769224 0.6769224 0.6769224 0.6769224 0.6769224 0.7378491 1.1014943 0.7854982 0.7479819 0.7144678 2.4032411 
B._sp._Eidolon.helvum_Eh7-170112-D085         0.6976667 0.7642785 0.5062626 0.4551091 0.5683245 0.5683245 0.5321653 0.5584148 0.5606903 0.5798369 0.5830188 0.6250135 0.3792346 0.3861267 0.4057470 0.3700699 0.4175744 0.3321159 0.2939796 0.5485366 0.4772560 0.0048222 0.0000010 0.0000000 0.0000010 0.0000010 0.0000010 0.0000010 0.0000010 0.0000010 0.0042238 0.0047022 0.0037684 0.0037951 0.0037684 0.0042087 0.0048158 0.5450427 0.4708259 0.6422450 1.4523540 0.7656048 0.7252671 0.7252671 0.7420379 0.6784801 0.6784801 0.6761937 0.6605714 0.6605714 0.6359371 0.6218905 0.6218905 0.6396193 0.6502703 0.6402096 0.6332915 0.9081060 0.6893896 0.6949692 0.6642379 1.3663599 
B._sp._Cyclopodia.greefi_Cg_374_JN172050      0.7723070 0.8460886 0.5062626 0.4919891 0.5683245 0.5683245 0.5683245 0.5584148 0.5606903 0.5798369 0.5830188 0.6250135 0.3792346 0.3912193 0.4057470 0.3700699 0.4175744 0.3321159 0.3321159 0.5485366 0.5485366 0.0048222 0.0000010 0.0000010 0.0000000 0.0000010 0.0000010 0.0000010 0.0000010 0.0000010 0.0046818 0.0047022 0.0046818 0.0046818 0.0046818 0.0049594 0.0048158 0.5388557 0.5350842 0.6422450 1.4523540 0.8066984 0.7706359 0.7706359 0.7706359 0.7010220 0.7010220 0.6791218 0.6791218 0.6791218 0.6437426 0.6437426 0.6437426 0.6437426 0.6437426 0.6437426 0.6911835 0.8901150 0.6996217 0.6727785 0.6492456 1.7515974 
B._sp._Cyclopodia.greefi_Cg_465-2_JN172067    0.7433916 0.8408308 0.4993315 0.4850891 0.5761572 0.5761572 0.5761572 0.5661158 0.5683970 0.5878217 0.5910747 0.6338344 0.3837909 0.3959368 0.4106830 0.3746315 0.4175744 0.3361723 0.3361723 0.5460843 0.5460843 0.0048590 0.0000010 0.0000010 0.0000010 0.0000000 0.0000010 0.0000010 0.0000010 0.0000010 0.0047166 0.0047166 0.0047166 0.0047166 0.0047166 0.0049984 0.0048526 0.5425158 0.5425158 0.6422450 1.4523540 0.7769022 0.7432423 0.7432423 0.7432423 0.6741989 0.6741989 0.6525451 0.6525451 0.6525451 0.6075090 0.6075090 0.6075090 0.6075090 0.6075090 0.6075090 0.6643143 0.8382642 0.6614603 0.6356547 0.6134499 1.7397040 
B._sp._Cyclopodia.greefi_Eh7-0310-A131        0.6714074 0.7364825 0.5062626 0.4574764 0.5683245 0.5683245 0.5352611 0.5584148 0.5606903 0.5798369 0.5830188 0.6250135 0.3792346 0.3881302 0.4057470 0.3700699 0.4175744 0.3321159 0.2885618 0.5485366 0.4772560 0.0048222 0.0000010 0.0000010 0.0000010 0.0000010 0.0000000 0.0000010 0.0000010 0.0000010 0.0042238 0.0047022 0.0037815 0.0038085 0.0037815 0.0042251 0.0048158 0.5450427 0.4734692 0.6422450 1.4523540 0.7710141 0.7298493 0.7298493 0.7468083 0.6827848 0.6827848 0.6805510 0.6647554 0.6647554 0.6398007 0.6256058 0.6256058 0.6435263 0.6502703 0.6402096 0.6332915 0.9157962 0.6937494 0.6949692 0.6683683 1.3654240 
B._sp._Eidolon.helvum_Eh7-170112-D048         0.6976667 0.7642785 0.5062626 0.4551091 0.5683245 0.5683245 0.5321653 0.5584148 0.5606903 0.5798369 0.5830188 0.6250135 0.3792346 0.3861267 0.4057470 0.3700699 0.4175744 0.3321159 0.2939796 0.5485366 0.4772560 0.0048222 0.0000010 0.0000010 0.0000010 0.0000010 0.0000010 0.0000000 0.0000010 0.0000010 0.0042238 0.0047022 0.0037684 0.0037951 0.0037684 0.0042087 0.0048158 0.5450427 0.4708259 0.6422450 1.4523540 0.7656048 0.7252671 0.7252671 0.7420379 0.6784801 0.6784801 0.6761937 0.6605714 0.6605714 0.6359371 0.6218905 0.6218905 0.6396193 0.6502703 0.6402096 0.6332915 0.9081060 0.6893896 0.6949692 0.6642379 1.3663599 
B._sp._Eidolon.helvum_Eh7-170112-D084         0.6714074 0.7364825 0.5062626 0.4574764 0.5683245 0.5683245 0.5352611 0.5584148 0.5606903 0.5798369 0.5830188 0.6250135 0.3792346 0.3881302 0.4057470 0.3700699 0.4175744 0.3321159 0.2885618 0.5485366 0.4772560 0.0048222 0.0000010 0.0000010 0.0000010 0.0000010 0.0000010 0.0000010 0.0000000 0.0000010 0.0042238 0.0047022 0.0037815 0.0038085 0.0037815 0.0042251 0.0048158 0.5450427 0.4734692 0.6422450 1.4523540 0.7710141 0.7298493 0.7298493 0.7468083 0.6827848 0.6827848 0.6805510 0.6647554 0.6647554 0.6398007 0.6256058 0.6256058 0.6435263 0.6502703 0.6402096 0.6332915 0.9157962 0.6937494 0.6949692 0.6683683 1.3654240 
B._sp._Eidolon.helvum_Eh7-170112-D062         0.6548862 0.7739440 0.5062626 0.4423175 0.5683245 0.5683245 0.5415703 0.5584148 0.5606903 0.5798369 0.5830188 0.6250135 0.3792346 0.3691670 0.4057470 0.3700699 0.4175744 0.3321159 0.2996108 0.5485366 0.4772560 0.0048222 0.0000010 0.0000010 0.0000010 0.0000010 0.0000010 0.0000010 0.0000010 0.0000000 0.0042238 0.0047022 0.0040285 0.0040591 0.0040285 0.0045357 0.0048158 0.5450427 0.4501997 0.6422450 1.4523540 0.7846294 0.7396648 0.7396648 0.7577611 0.6793204 0.6793204 0.6769134 0.6603773 0.6603773 0.6517540 0.6363788 0.6363788 0.6558091 0.6502703 0.6363788 0.6332915 0.9274930 0.6908565 0.6921021 0.6642548 1.4448643 
B._sp._Eidolon.helvum_Eh7-0310-A193           0.7136574 0.8142588 0.4930970 0.4399946 0.5537344 0.5537344 0.5290061 0.5438613 0.5461751 0.5652055 0.5683245 0.6098132 0.3673583 0.3632513 0.3935780 0.3579376 0.4003638 0.3203186 0.2991617 0.5341067 0.4706218 0.0097784 0.0060812 0.0042238 0.0046818 0.0047166 0.0042238 0.0042238 0.0042238 0.0042238 0.0000000 0.0000010 0.0000010 0.0000010 0.0000010 0.0000010 0.0097656 0.5304621 0.4581837 0.6262428 1.3901001 0.7366009 0.6958989 0.6958989 0.7136735 0.6656565 0.6656565 0.6476687 0.6311845 0.6311845 0.6004474 0.5856211 0.5856211 0.6043023 0.5856211 0.5856211 0.6189356 0.8744907 0.6483340 0.6164819 0.5913143 1.6116957 
B._sp._Cyclopodia.greefi_Cg_GG48_JN172046     0.7983491 0.8343089 0.4962607 0.4821674 0.5576000 0.5576000 0.5576000 0.5476598 0.5499769 0.5691487 0.5723028 0.6141757 0.3695927 0.3815491 0.3960010 0.3601727 0.4003638 0.3223068 0.3223068 0.5279417 0.5279417 0.0098225 0.0060812 0.0047022 0.0047022 0.0047166 0.0047022 0.0047022 0.0047022 0.0047022 0.0000010 0.0000000 0.0000010 0.0000010 0.0000010 0.0000010 0.0098097 0.5242046 0.5242046 0.6262428 1.3901001 0.7827165 0.7482834 0.7482834 0.7482834 0.7147966 0.7147966 0.6754742 0.6754742 0.6754742 0.6222261 0.6222261 0.6222261 0.6222261 0.6222261 0.6222261 0.6801301 0.8622811 0.6775332 0.6510286 0.6280467 1.7962510 
B._sp._Eidolon.helvum_Eh7-0110-R79            0.7129467 0.7496804 0.4930970 0.4446366 0.5537344 0.5537344 0.5201494 0.5438613 0.5461751 0.5652055 0.5683245 0.6098132 0.3673583 0.3759756 0.3935780 0.3579376 0.4003638 0.3203186 0.2847852 0.5341067 0.4649663 0.0097784 0.0060812 0.0037684 0.0046818 0.0047166 0.0037815 0.0037684 0.0037815 0.0040285 0.0000010 0.0000010 0.0000000 0.0000010 0.0000010 0.0000010 0.0097656 0.5304621 0.4594590 0.6262428 1.3901001 0.7500292 0.7114815 0.7114815 0.7279458 0.6942140 0.6942140 0.6780045 0.6623841 0.6623841 0.6230087 0.6092265 0.6092265 0.6266079 0.6363153 0.6273453 0.6189356 0.8886999 0.6757295 0.6810363 0.6509002 1.3933439 
B._sp._Eidolon.helvum_Eh7-0310-A153           0.7187090 0.7560878 0.4930970 0.4446366 0.5537344 0.5537344 0.5245021 0.5438613 0.5461751 0.5652055 0.5683245 0.6098132 0.3673583 0.3759756 0.3935780 0.3579376 0.4003638 0.3203186 0.2871678 0.5341067 0.4649663 0.0097784 0.0060812 0.0037951 0.0046818 0.0047166 0.0038085 0.0037951 0.0038085 0.0040591 0.0000010 0.0000010 0.0000010 0.0000000 0.0000010 0.0000010 0.0097656 0.5304621 0.4594590 0.6262428 1.3901001 0.7500292 0.7173769 0.7173769 0.7279458 0.7000792 0.7000792 0.6780045 0.6680090 0.6680090 0.6230087 0.6142244 0.6142244 0.6266079 0.6419517 0.6325015 0.6189356 0.8886999 0.6814210 0.6810363 0.6563509 1.4065091 
B._sp._Eidolon.helvum_Eh7-0510-A193           0.7129467 0.7496804 0.4930970 0.4446366 0.5537344 0.5537344 0.5201494 0.5438613 0.5461751 0.5652055 0.5683245 0.6098132 0.3673583 0.3759756 0.3935780 0.3579376 0.4003638 0.3203186 0.2847852 0.5341067 0.4649663 0.0097784 0.0060812 0.0037684 0.0046818 0.0047166 0.0037815 0.0037684 0.0037815 0.0040285 0.0000010 0.0000010 0.0000010 0.0000010 0.0000000 0.0000010 0.0097656 0.5304621 0.4594590 0.6262428 1.3901001 0.7500292 0.7114815 0.7114815 0.7279458 0.6942140 0.6942140 0.6780045 0.6623841 0.6623841 0.6230087 0.6092265 0.6092265 0.6266079 0.6363153 0.6273453 0.6189356 0.8886999 0.6757295 0.6810363 0.6509002 1.3933439 
B._sp._Eidolon.helvum_Eh7-0110-R16            0.8167145 0.7614881 0.5297817 0.4855651 0.6120869 0.6120869 0.5735665 0.6013117 0.6036452 0.6245932 0.6282296 0.6751175 0.4020553 0.4156121 0.4310406 0.3927518 0.4400441 0.3407194 0.3023531 0.5903217 0.5463799 0.0103857 0.0065583 0.0042087 0.0049594 0.0049984 0.0042251 0.0042087 0.0042251 0.0045357 0.0000010 0.0000010 0.0000010 0.0000010 0.0000010 0.0000000 0.0103713 0.5806392 0.5330833 0.6566303 1.3901001 0.7500292 0.8319907 0.8319907 0.8319907 0.7860406 0.7860406 0.7486978 0.7486978 0.7486978 0.7059712 0.7059712 0.7059712 0.7059712 0.7484350 0.7282359 0.6687829 0.8886999 0.7520527 0.7645149 0.7337545 1.4195333 
B._sp._Cyclopodia.greefi_Cg_401_JN172072      0.8141785 0.8929033 0.5346311 0.5193897 0.6009092 0.6009092 0.6009092 0.5907435 0.5929767 0.6127118 0.6160970 0.6599794 0.4027136 0.4151214 0.4302689 0.3938925 0.4529161 0.3545754 0.3545754 0.5804282 0.5804282 0.0100628 0.0063077 0.0048158 0.0048158 0.0048526 0.0048158 0.0048158 0.0048158 0.0048158 0.0097656 0.0098097 0.0097656 0.0097656 0.0097656 0.0103713 0.0000000 0.5711042 0.5670044 0.6794020 1.4523540 0.8528941 0.8124768 0.8124768 0.8124768 0.7409416 0.7409416 0.7183598 0.7183598 0.7183598 0.6800769 0.6800769 0.6800769 0.6800769 0.6800769 0.6800769 0.7292921 0.9472132 0.7387166 0.7104318 0.6852183 1.8538735 
B._sp._Cyclopodia.greefi_Cg_417-2_JN172063    0.8530596 0.8426569 0.4073681 0.3881247 0.4617156 0.4617156 0.4842335 0.4517960 0.4544506 0.4732326 0.4760554 0.4718593 0.3941623 0.3934970 0.3269404 0.5040128 0.5322632 0.4074678 0.4035127 0.5459618 0.5406249 0.5712848 0.6168213 0.5450427 0.5388557 0.5425158 0.5450427 0.5450427 0.5450427 0.5450427 0.5304621 0.5242046 0.5304621 0.5304621 0.5304621 0.5806392 0.5711042 0.0000000 0.0000010 0.8591092 2.5484598 1.1513453 1.0970084 1.0970084 1.0970084 1.0713606 1.0713606 1.0526175 1.0526175 1.0526175 1.0209922 1.0209922 1.0209922 1.0209922 1.0209922 1.0209922 1.1587230 1.1047038 1.0264642 1.0380555 0.9867034 2.1390617 
B._sp._Eidolon.helvum_E3-106_HM363767         0.7658292 0.7532550 0.4048316 0.3423510 0.4584972 0.4584972 0.4231313 0.4486452 0.4512938 0.4699344 0.4727267 0.4685209 0.3915242 0.3253991 0.3247792 0.5006122 0.5322632 0.4049009 0.3594145 0.5519975 0.4708747 0.5671818 0.6168213 0.4708259 0.5350842 0.5425158 0.4734692 0.4708259 0.4734692 0.4501997 0.4581837 0.5242046 0.4594590 0.4594590 0.4594590 0.5330833 0.5670044 0.0000010 0.0000000 0.8591092 2.5484598 1.0286748 0.9502276 0.9502276 0.9502276 0.9419498 0.9419498 0.9289079 0.9289079 0.9289079 0.9519945 0.9519945 0.9519945 0.9587397 0.9491905 0.9414952 0.9801468 1.1253921 0.9632834 0.9885569 0.9399992 1.5799273 
B._sp._Cyclopodia.greefi_Cg_713-2_JN172066    1.0950136 1.3617878 0.7768974 0.7167512 0.7991667 0.7991667 0.7991667 0.7876389 0.7896474 0.7728047 0.8022020 0.8831796 0.6935186 0.7102210 0.7220836 0.6546606 0.7978818 0.5502688 0.5502688 0.7729346 0.7729346 0.6796539 0.7883438 0.6422450 0.6422450 0.6422450 0.6422450 0.6422450 0.6422450 0.6422450 0.6262428 0.6262428 0.6262428 0.6262428 0.6262428 0.6566303 0.6794020 0.8591092 0.8591092 0.0000000 0.1397568 0.1757879 0.1894971 0.1894971 0.1894971 0.2340118 0.2340118 0.2321695 0.2321695 0.2321695 0.2403678 0.2403678 0.2403678 0.2403678 0.2403678 0.2403678 0.2500406 0.3268987 0.2637356 0.2680441 0.2604763 2.0422232 
B._sp._Eidolon.helvum_Eh6-0310-A147           3.3667764 4.2894417 2.1434544 2.1434544 1.6475418 1.6475418 1.6475418 1.6475418 1.6475418 1.6265954 1.6265954 1.7478386 1.6564109 1.6564109 1.7154778 1.9161792 1.6319837 1.6319837 1.6319837 2.2946747 2.2946747 1.4523540 1.4523540 1.4523540 1.4523540 1.4523540 1.4523540 1.4523540 1.4523540 1.4523540 1.3901001 1.3901001 1.3901001 1.3901001 1.3901001 1.3901001 1.4523540 2.5484598 2.5484598 0.1397568 0.0000000 0.1227534 0.1227534 0.1227534 0.1227534 0.2084417 0.2084417 0.1961344 0.1961344 0.1961344 0.3645850 0.3645850 0.3645850 0.3645850 0.3645850 0.3645850 0.2626593 0.3837252 0.3837252 0.4044468 0.3743751 2.7810099 
B._sp._Eidolon.helvum_Eh6-0110-R43            1.1909003 1.9511536 1.0113937 0.9216088 0.9329309 0.9329309 0.8264080 0.9199127 0.9107656 0.9025855 0.9364833 1.0217611 0.7844020 0.7824687 0.7955062 0.7158732 0.8515550 0.6830147 0.6234076 0.8178181 0.7623732 0.7629969 0.9834264 0.7656048 0.8066984 0.7769022 0.7710141 0.7656048 0.7710141 0.7846294 0.7366009 0.7827165 0.7500292 0.7500292 0.7500292 0.7500292 0.8528941 1.1513453 1.0286748 0.1757879 0.1227534 0.0000000 0.0091357 0.0091357 0.0091357 0.0550656 0.0550656 0.0499073 0.0499073 0.0499073 0.1736809 0.1736809 0.1736809 0.1736809 0.1768318 0.1835947 0.1798837 0.2034947 0.1891587 0.1879224 0.1872286 1.9796686 
B._sp._Eidolon.helvum_Eh6-0311-A192           1.0945546 1.6794988 0.9572078 0.8589512 0.8443029 0.8443029 0.7596441 0.8583656 0.8500309 0.8426131 0.8735828 0.9498956 0.7378451 0.7133245 0.7482963 0.6880388 0.7576685 0.6690270 0.6286402 0.7801313 0.7251180 0.7309137 0.8595743 0.7252671 0.7706359 0.7432423 0.7298493 0.7252671 0.7298493 0.7396648 0.6958989 0.7482834 0.7114815 0.7173769 0.7114815 0.8319907 0.8124768 1.0970084 0.9502276 0.1894971 0.1227534 0.0091357 0.0000000 0.0000010 0.0000010 0.0464839 0.0464839 0.0542240 0.0531650 0.0531650 0.1383957 0.1355566 0.1355566 0.1389180 0.1353848 0.1431376 0.1720489 0.2035947 0.1724724 0.1686311 0.1666403 1.8145317 
B._sp._Eidolon.helvum_Eh6-0910-A090           1.0945546 1.6794988 0.9572078 0.8589512 0.8443029 0.8443029 0.7596441 0.8583656 0.8500309 0.8426131 0.8735828 0.9498956 0.7378451 0.7133245 0.7482963 0.6880388 0.7576685 0.6690270 0.6286402 0.7801313 0.7251180 0.7309137 0.8595743 0.7252671 0.7706359 0.7432423 0.7298493 0.7252671 0.7298493 0.7396648 0.6958989 0.7482834 0.7114815 0.7173769 0.7114815 0.8319907 0.8124768 1.0970084 0.9502276 0.1894971 0.1227534 0.0091357 0.0000010 0.0000000 0.0000010 0.0464839 0.0464839 0.0542240 0.0531650 0.0531650 0.1383957 0.1355566 0.1355566 0.1389180 0.1353848 0.1431376 0.1720489 0.2035947 0.1724724 0.1686311 0.1666403 1.8145317 
B._sp._Eidolon.helvum_Eh6-1110-A147           1.1112806 1.6484328 0.9572078 0.8589512 0.8443029 0.8443029 0.7444521 0.8583656 0.8500309 0.8426131 0.8735828 0.9498956 0.7378451 0.7133245 0.7482963 0.6880388 0.7576685 0.6690270 0.6432364 0.7801313 0.7251180 0.7309137 0.8595743 0.7420379 0.7706359 0.7432423 0.7468083 0.7420379 0.7468083 0.7577611 0.7136735 0.7482834 0.7279458 0.7279458 0.7279458 0.8319907 0.8124768 1.0970084 0.9502276 0.1894971 0.1227534 0.0091357 0.0000010 0.0000010 0.0000000 0.0473799 0.0473799 0.0542240 0.0542240 0.0542240 0.1383957 0.1383957 0.1383957 0.1389180 0.1384305 0.1461531 0.1720489 0.2035947 0.1760538 0.1707651 0.1701285 1.8689607 
B._sp._Eidolon.helvum_Eh6-0510-A106           1.0930025 1.7297533 0.9869431 0.8928584 0.8195152 0.8195152 0.7503051 0.8231971 0.8148568 0.8074663 0.8385042 0.9141450 0.7237353 0.7116794 0.7248613 0.6648562 0.7516662 0.6637349 0.6336670 0.7759213 0.7206276 0.6631134 0.7691525 0.6784801 0.7010220 0.6741989 0.6827848 0.6784801 0.6827848 0.6793204 0.6656565 0.7147966 0.6942140 0.7000792 0.6942140 0.7860406 0.7409416 1.0713606 0.9419498 0.2340118 0.2084417 0.0550656 0.0464839 0.0464839 0.0473799 0.0000000 0.0000010 0.0291270 0.0285843 0.0285843 0.1415880 0.1386436 0.1386436 0.1421326 0.1447784 0.1464042 0.1627782 0.1764228 0.1466710 0.1445556 0.1427868 1.7636241 
B._sp._Eidolon.helvum_Eh6-0710-BJ1            1.0930025 1.7297533 0.9869431 0.8928584 0.8195152 0.8195152 0.7503051 0.8231971 0.8148568 0.8074663 0.8385042 0.9141450 0.7237353 0.7116794 0.7248613 0.6648562 0.7516662 0.6637349 0.6336670 0.7759213 0.7206276 0.6631134 0.7691525 0.6784801 0.7010220 0.6741989 0.6827848 0.6784801 0.6827848 0.6793204 0.6656565 0.7147966 0.6942140 0.7000792 0.6942140 0.7860406 0.7409416 1.0713606 0.9419498 0.2340118 0.2084417 0.0550656 0.0464839 0.0464839 0.0473799 0.0000010 0.0000000 0.0291270 0.0285843 0.0285843 0.1415880 0.1386436 0.1386436 0.1421326 0.1447784 0.1464042 0.1627782 0.1764228 0.1466710 0.1445556 0.1427868 1.7636241 
B._sp._Eidolon.helvum_Eh6-0510-A166           1.1060224 1.8213644 0.9713008 0.8812970 0.8220459 0.8220459 0.7377221 0.8101297 0.8019396 0.7946959 0.8251929 0.8991542 0.7131886 0.7029798 0.7143273 0.6106733 0.7412759 0.6078359 0.6021772 0.7154117 0.6670764 0.6418801 0.8087076 0.6761937 0.6791218 0.6525451 0.6805510 0.6761937 0.6805510 0.6769134 0.6476687 0.6754742 0.6780045 0.6780045 0.6780045 0.7486978 0.7183598 1.0526175 0.9289079 0.2321695 0.1961344 0.0499073 0.0542240 0.0542240 0.0542240 0.0291270 0.0291270 0.0000000 0.0000010 0.0000010 0.1746599 0.1746599 0.1746599 0.1753798 0.1841314 0.1835684 0.1593476 0.1858641 0.1632449 0.1600541 0.1594281 1.9790132 
B._sp._Eidolon.helvum_Eh6-0510-A188           1.0892323 1.8544332 0.9713008 0.8812970 0.8220459 0.8220459 0.7529111 0.8101297 0.8019396 0.7946959 0.8251929 0.8991542 0.7131886 0.7029798 0.7143273 0.6106733 0.7412759 0.6078359 0.5882642 0.7154117 0.6670764 0.6418801 0.8087076 0.6605714 0.6791218 0.6525451 0.6647554 0.6605714 0.6647554 0.6603773 0.6311845 0.6754742 0.6623841 0.6680090 0.6623841 0.7486978 0.7183598 1.0526175 0.9289079 0.2321695 0.1961344 0.0499073 0.0531650 0.0531650 0.0542240 0.0285843 0.0285843 0.0000010 0.0000000 0.0000010 0.1746599 0.1709562 0.1709562 0.1753798 0.1799769 0.1796600 0.1593476 0.1858641 0.1599981 0.1580873 0.1562120 1.9205468 
B._sp._Eidolon.helvum_Eh6-170112-D046         1.0892323 1.8544332 0.9713008 0.8812970 0.8220459 0.8220459 0.7529111 0.8101297 0.8019396 0.7946959 0.8251929 0.8991542 0.7131886 0.7029798 0.7143273 0.6106733 0.7412759 0.6078359 0.5882642 0.7154117 0.6670764 0.6418801 0.8087076 0.6605714 0.6791218 0.6525451 0.6647554 0.6605714 0.6647554 0.6603773 0.6311845 0.6754742 0.6623841 0.6680090 0.6623841 0.7486978 0.7183598 1.0526175 0.9289079 0.2321695 0.1961344 0.0499073 0.0531650 0.0531650 0.0542240 0.0285843 0.0285843 0.0000010 0.0000010 0.0000000 0.1746599 0.1709562 0.1709562 0.1753798 0.1799769 0.1796600 0.1593476 0.1858641 0.1599981 0.1580873 0.1562120 1.9205468 
B._sp._Eidolon.helvum_Eh6-0311-A083           1.0488631 1.3656061 0.9469150 0.8207078 0.9793354 0.9793354 0.8757478 0.9838474 0.9857101 0.9666527 1.0001510 1.0856593 0.8044080 0.8114471 0.8457902 0.7052790 0.7845518 0.6955215 0.7122894 0.8620811 0.7950162 0.6092284 0.6769224 0.6359371 0.6437426 0.6075090 0.6398007 0.6359371 0.6398007 0.6517540 0.6004474 0.6222261 0.6230087 0.6230087 0.6230087 0.7059712 0.6800769 1.0209922 0.9519945 0.2403678 0.3645850 0.1736809 0.1383957 0.1383957 0.1383957 0.1415880 0.1415880 0.1746599 0.1746599 0.1746599 0.0000000 0.0000010 0.0000010 0.0000010 0.0000010 0.0039102 0.1861154 0.2717253 0.2350977 0.2012778 0.2006517 1.7770102 
B._sp._Eidolon.helvum_Eh6-0910-A111           1.0336404 1.3923035 0.9469150 0.8207078 0.9793354 0.9793354 0.8928734 0.9838474 0.9857101 0.9666527 1.0001510 1.0856593 0.8044080 0.8114471 0.8457902 0.7052790 0.7845518 0.6955215 0.6952035 0.8620811 0.7950162 0.6092284 0.6769224 0.6218905 0.6437426 0.6075090 0.6256058 0.6218905 0.6256058 0.6363788 0.5856211 0.6222261 0.6092265 0.6142244 0.6092265 0.7059712 0.6800769 1.0209922 0.9519945 0.2403678 0.3645850 0.1736809 0.1355566 0.1355566 0.1383957 0.1386436 0.1386436 0.1746599 0.1709562 0.1709562 0.0000010 0.0000000 0.0000010 0.0000010 0.0000010 0.0038402 0.1861154 0.2717253 0.2300228 0.1986729 0.1963990 1.7255347 
B._sp._Eidolon.helvum_Eh6-0910-A115           1.0336404 1.3923035 0.9469150 0.8207078 0.9793354 0.9793354 0.8928734 0.9838474 0.9857101 0.9666527 1.0001510 1.0856593 0.8044080 0.8114471 0.8457902 0.7052790 0.7845518 0.6955215 0.6952035 0.8620811 0.7950162 0.6092284 0.6769224 0.6218905 0.6437426 0.6075090 0.6256058 0.6218905 0.6256058 0.6363788 0.5856211 0.6222261 0.6092265 0.6142244 0.6092265 0.7059712 0.6800769 1.0209922 0.9519945 0.2403678 0.3645850 0.1736809 0.1355566 0.1355566 0.1383957 0.1386436 0.1386436 0.1746599 0.1709562 0.1709562 0.0000010 0.0000010 0.0000000 0.0000010 0.0000010 0.0038402 0.1861154 0.2717253 0.2300228 0.1986729 0.1963990 1.7255347 
B._sp._Eidolon.helvum_Eh6-1110-BJ1            1.0563203 1.3769765 0.9469150 0.8259012 0.9793354 0.9793354 0.8815527 0.9838474 0.9857101 0.9666527 1.0001510 1.0856593 0.8044080 0.8167687 0.8457902 0.7052790 0.7845518 0.6955215 0.7168682 0.8620811 0.8006414 0.6092284 0.6769224 0.6396193 0.6437426 0.6075090 0.6435263 0.6396193 0.6435263 0.6558091 0.6043023 0.6222261 0.6266079 0.6266079 0.6266079 0.7059712 0.6800769 1.0209922 0.9587397 0.2403678 0.3645850 0.1736809 0.1389180 0.1389180 0.1389180 0.1421326 0.1421326 0.1753798 0.1753798 0.1753798 0.0000010 0.0000010 0.0000010 0.0000000 0.0000010 0.0039202 0.1861154 0.2717253 0.2361618 0.2021346 0.2015078 1.7929508 
B._sp._Eidolon.helvum_Eh6-0710-A095           1.0204037 1.4156845 0.9469150 0.8407259 0.9793354 0.9793354 0.9185578 0.9838474 0.9857101 0.9666527 1.0001510 1.0856593 0.8044080 0.7929891 0.8457902 0.7052790 0.7845518 0.6955215 0.7053694 0.8620811 0.7950162 0.6092284 0.6769224 0.6502703 0.6437426 0.6075090 0.6502703 0.6502703 0.6502703 0.6502703 0.5856211 0.6222261 0.6363153 0.6419517 0.6363153 0.7484350 0.6800769 1.0209922 0.9491905 0.2403678 0.3645850 0.1768318 0.1353848 0.1353848 0.1384305 0.1447784 0.1447784 0.1841314 0.1799769 0.1799769 0.0000010 0.0000010 0.0000010 0.0000010 0.0000000 0.0000010 0.1861154 0.2949173 0.2445841 0.2091058 0.2076483 1.7538067 
B._sp._Eidolon.helvum_Eh6-0510-A151           1.0160874 1.3682783 0.9469150 0.8438608 0.9793354 0.9793354 0.9183183 0.9838474 0.9857101 0.9666527 1.0001510 1.0856593 0.8044080 0.8353062 0.8457902 0.7052790 0.7845518 0.6955215 0.7069557 0.8620811 0.7950162 0.6092284 0.6769224 0.6402096 0.6437426 0.6075090 0.6402096 0.6402096 0.6402096 0.6363788 0.5856211 0.6222261 0.6273453 0.6325015 0.6273453 0.7282359 0.6800769 1.0209922 0.9414952 0.2403678 0.3645850 0.1835947 0.1431376 0.1431376 0.1461531 0.1464042 0.1464042 0.1835684 0.1796600 0.1796600 0.0039102 0.0038402 0.0038402 0.0039202 0.0000010 0.0000000 0.1861154 0.2855650 0.2403067 0.2070856 0.2057108 1.7610918 
B._sp._Eidolon.helvum_Eh6-1109-Q131           1.0445219 1.3235495 0.9387513 0.7709014 0.9536423 0.9536423 0.8520497 0.9579298 0.9597757 0.9413345 0.9737106 1.0557147 0.7720188 0.6983727 0.7875315 0.7855900 0.8098417 0.7057211 0.6675729 0.9396291 0.8359293 0.6549598 0.7378491 0.6332915 0.6911835 0.6643143 0.6332915 0.6332915 0.6332915 0.6332915 0.6189356 0.6801301 0.6189356 0.6189356 0.6189356 0.6687829 0.7292921 1.1587230 0.9801468 0.2500406 0.2626593 0.1798837 0.1720489 0.1720489 0.1720489 0.1627782 0.1627782 0.1593476 0.1593476 0.1593476 0.1861154 0.1861154 0.1861154 0.1861154 0.1861154 0.1861154 0.0000000 0.2366594 0.2000820 0.1853842 0.1738330 1.6494266 
B._sp._Eidolon.helvum_Eh6-0310-A146           1.1754690 1.8879349 1.1310926 1.1511009 1.2340079 1.2340079 1.1900194 1.2173916 1.2194321 1.1796766 1.2247833 1.2808812 0.9453423 1.0565911 0.9662638 0.8854481 0.9639323 0.7474013 0.7716139 1.1981376 1.1831818 0.8365224 1.1014943 0.9081060 0.8901150 0.8382642 0.9157962 0.9081060 0.9157962 0.9274930 0.8744907 0.8622811 0.8886999 0.8886999 0.8886999 0.8886999 0.9472132 1.1047038 1.1253921 0.3268987 0.3837252 0.2034947 0.2035947 0.2035947 0.2035947 0.1764228 0.1764228 0.1858641 0.1858641 0.1858641 0.2717253 0.2717253 0.2717253 0.2717253 0.2949173 0.2855650 0.2366594 0.0000000 0.0000010 0.0417516 0.0351003 1.6689908 
B._sp._Eidolon.helvum_Eh6-170112-D074         0.9944686 1.5264367 0.9120664 0.8825872 0.9537427 0.9537427 0.9043019 0.9412170 0.9431140 0.9137481 0.9464131 1.0111837 0.7393792 0.7697117 0.7551544 0.7159147 0.7641656 0.6491283 0.6614503 0.9296310 0.8707437 0.6625041 0.7854982 0.6893896 0.6996217 0.6614603 0.6937494 0.6893896 0.6937494 0.6908565 0.6483340 0.6775332 0.6757295 0.6814210 0.6757295 0.7520527 0.7387166 1.0264642 0.9632834 0.2637356 0.3837252 0.1891587 0.1724724 0.1724724 0.1760538 0.1466710 0.1466710 0.1632449 0.1599981 0.1599981 0.2350977 0.2300228 0.2300228 0.2361618 0.2445841 0.2403067 0.2000820 0.0000010 0.0000000 0.0379120 0.0323939 1.6002859 
