23
B._apis_BBC0122_NZ_CP015625                 0.0000000 3.2862233 5.5199720 5.0978998 5.9429649 5.7680004 5.7922873 4.9407524 7.0891892 6.9186915 7.2904787 6.9186915 7.1020673 7.2944587 7.3342162 7.1761443 7.1495666 7.4311499 6.8299532 7.6764063 5.5825551 6.1703236 3.9924761 
B._tamiae_Th239_NZ_JH725147                 3.2862233 0.0000000 4.2218139 3.1423610 3.6956428 3.4619509 3.3340887 3.1074736 3.6465490 3.5702597 3.7868788 3.5702597 3.7536388 3.7670804 3.8309444 3.7451304 3.9049328 3.8893400 4.1347485 3.7580191 4.2354277 4.5551224 5.0618358 
B._sp._Eidolon.helvum_E1-105_HM363770       5.5199720 4.2218139 0.0000000 0.3167772 0.2685517 0.6935952 0.5403674 0.7359600 1.4030329 1.3588763 1.4030329 1.3588763 1.4509217 1.4672607 1.4733074 1.4148548 1.4445502 1.7779118 1.3469616 1.2922613 1.2107494 1.8968558 5.7264973 
B._sp._Eidolon.helvum_E2-114_HM363771       5.0978998 3.1423610 0.3167772 0.0000000 0.1812758 0.5918574 0.6452022 0.6715540 1.4406625 1.4018434 1.5170921 1.4018434 1.4931518 1.5070720 1.5123288 1.5062932 1.3955553 1.6061598 1.3372126 1.4281703 1.3233008 1.6812804 5.2851902 
B._sp._Eidolon.helvum_E5_B40014_KJ999689    5.9429649 3.6956428 0.2685517 0.1812758 0.0000000 0.5036386 0.6305649 0.6740355 1.3843421 1.3428825 1.4667099 1.3428825 1.4406791 1.4563083 1.5542716 1.4554561 1.3622361 1.5920434 1.2978997 1.3992002 1.2164249 1.5980998 5.2798897 
B._sp._Eidolon.helvum_Ew-111_HM363773       5.7680004 3.4619509 0.6935952 0.5918574 0.5036386 0.0000000 0.7808229 0.7357020 1.3679724 1.3327030 1.4235485 1.3327030 1.4153933 1.4287382 1.4829784 1.4016445 1.3827008 1.5863425 1.3262047 1.3394999 1.2329353 1.9764619 4.9616118 
B._sp._Eidolon.helvum_E4_B39301_KJ999687    5.7922873 3.3340887 0.5403674 0.6452022 0.6305649 0.7808229 0.0000000 0.7197632 1.3756632 1.3391242 1.4334245 1.3391242 1.4109301 1.4386533 1.4806474 1.4239861 1.4895028 1.5871588 1.3607429 1.3842390 1.0790483 1.2751866 5.7843356 
B._sp._Eidolon.helvum_E3-106_HM363772       4.9407524 3.1074736 0.7359600 0.6715540 0.6740355 0.7357020 0.7197632 0.0000000 1.4698723 1.4311669 1.5460284 1.4311669 1.5082417 1.5358232 1.5152226 1.5350487 1.4287615 1.5917535 1.7436976 1.4877347 1.5824431 1.9835929 5.4378673 
B._sp._Eidolon.helvum_Eh6-0110-R117         7.0891892 3.6465490 1.4030329 1.4406625 1.3843421 1.3679724 1.3756632 1.4698723 0.0000000 0.0000010 0.0000010 0.0000010 0.0000010 0.0030390 0.0031337 0.0030505 0.0065199 0.0000010 0.0217385 0.0201023 1.7882334 2.8360808 6.1109372 
B._sp._Eidolon.helvum_Eh6-0510-A110         6.9186915 3.5702597 1.3588763 1.4018434 1.3428825 1.3327030 1.3391242 1.4311669 0.0000010 0.0000000 0.0000010 0.0000010 0.0000010 0.0030274 0.0031337 0.0030505 0.0065199 0.0000010 0.0217385 0.0237225 1.7882334 2.7520721 6.0159819 
B._sp._Eidolon.helvum_Eh6-1109-Q135         7.2904787 3.7868788 1.4030329 1.5170921 1.4667099 1.4235485 1.4334245 1.5460284 0.0000010 0.0000010 0.0000000 0.0000010 0.0000010 0.0030994 0.0031337 0.0000010 0.0065681 0.0000010 0.0217385 0.0201023 1.8730460 2.9989256 6.2344535 
B._sp._Eidolon.helvum_Eh6-0510-A106         6.9186915 3.5702597 1.3588763 1.4018434 1.3428825 1.3327030 1.3391242 1.4311669 0.0000010 0.0000010 0.0000010 0.0000000 0.0000010 0.0030274 0.0031337 0.0030505 0.0065199 0.0000010 0.0217385 0.0237225 1.7882334 2.7520721 6.0159819 
B._sp._Eidolon.helvum_Eh6-170112-D086       7.1020673 3.7536388 1.4509217 1.4931518 1.4406791 1.4153933 1.4109301 1.5082417 0.0000010 0.0000010 0.0000010 0.0000010 0.0000000 0.0000010 0.0031337 0.0030746 0.0065199 0.0000010 0.0217385 0.0203363 1.8432077 2.9534614 6.1104628 
B._sp._Eidolon.helvum_Eh6-170112-D094       7.2944587 3.7670804 1.4672607 1.5070720 1.4563083 1.4287382 1.4386533 1.5358232 0.0030390 0.0030274 0.0030994 0.0030274 0.0000010 0.0000000 0.0031337 0.0061967 0.0065199 0.0000010 0.0217385 0.0276025 1.8702305 2.9687644 6.2298690 
B._sp._Eidolon.helvum_Eh6-1109-Q131         7.3342162 3.8309444 1.4733074 1.5123288 1.5542716 1.4829784 1.4806474 1.5152226 0.0031337 0.0031337 0.0031337 0.0031337 0.0031337 0.0031337 0.0000000 0.0031337 0.0099378 0.0035003 0.0256080 0.0241470 1.9763060 3.0378632 6.3479185 
B._sp._Eidolon.helvum_Eh6-0110-R70          7.1761443 3.7451304 1.4148548 1.5062932 1.4554561 1.4016445 1.4239861 1.5350487 0.0030505 0.0030505 0.0000010 0.0030505 0.0030746 0.0061967 0.0031337 0.0000000 0.0065199 0.0034559 0.0217385 0.0201605 1.8561291 2.9585369 6.1732975 
B._sp._Eidolon.helvum_Eh6-0110-R12          7.1495666 3.9049328 1.4445502 1.3955553 1.3622361 1.3827008 1.4895028 1.4287615 0.0065199 0.0065199 0.0065681 0.0065199 0.0065199 0.0065199 0.0099378 0.0065199 0.0000000 0.0070749 0.0298735 0.0290774 2.0757005 2.7369856 6.4392260 
B._sp._Eidolon.helvum_Eh6-170112-D053       7.4311499 3.8893400 1.7779118 1.6061598 1.5920434 1.5863425 1.5871588 1.5917535 0.0000010 0.0000010 0.0000010 0.0000010 0.0000010 0.0000010 0.0035003 0.0034559 0.0070749 0.0000000 0.0228038 0.0231543 2.1176662 3.1890295 6.6752523 
B._sp._Eidolon.helvum_Eh6-0110-R4           6.8299532 4.1347485 1.3469616 1.3372126 1.2978997 1.3262047 1.3607429 1.7436976 0.0217385 0.0217385 0.0217385 0.0217385 0.0217385 0.0217385 0.0256080 0.0217385 0.0298735 0.0228038 0.0000000 0.0391523 1.8413731 2.8850681 6.2415031 
B._sp._Eidolon.helvum_Eh6-0110-R35          7.6764063 3.7580191 1.2922613 1.4281703 1.3992002 1.3394999 1.3842390 1.4877347 0.0201023 0.0237225 0.0201023 0.0237225 0.0203363 0.0276025 0.0241470 0.0201605 0.0290774 0.0231543 0.0391523 0.0000000 1.7534362 3.3874646 6.4812063 
B._sp._Eidolon.helvum_Eh7-0110-R89          5.5825551 4.2354277 1.2107494 1.3233008 1.2164249 1.2329353 1.0790483 1.5824431 1.7882334 1.7882334 1.8730460 1.7882334 1.8432077 1.8702305 1.9763060 1.8561291 2.0757005 2.1176662 1.8413731 1.7534362 0.0000000 2.0229073 4.6321358 
B._sp._Eidolon.helvum_Eh7-0110-R16          6.1703236 4.5551224 1.8968558 1.6812804 1.5980998 1.9764619 1.2751866 1.9835929 2.8360808 2.7520721 2.9989256 2.7520721 2.9534614 2.9687644 3.0378632 2.9585369 2.7369856 3.1890295 2.8850681 3.3874646 2.0229073 0.0000000 5.9306595 
Brucella_abortus_Biovar-3_Tulya_NZ_DS999886 3.9924761 5.0618358 5.7264973 5.2851902 5.2798897 4.9616118 5.7843356 5.4378673 6.1109372 6.0159819 6.2344535 6.0159819 6.1104628 6.2298690 6.3479185 6.1732975 6.4392260 6.6752523 6.2415031 6.4812063 4.6321358 5.9306595 0.0000000 
